   0.5100000E+00   0.7587372E-01   0.0000000E+00   0.7205282E+02   0.2277809E+00
   0.5200000E+00   0.7736144E-01   0.0000000E+00   0.7347020E+02   0.2401915E+00
   0.5300000E+00   0.7884916E-01   0.0000000E+00   0.7488784E+02   0.2533011E+00
   0.5400000E+00   0.8033688E-01   0.0000000E+00   0.7630572E+02   0.2671213E+00
   0.5500000E+00   0.8182460E-01   0.0000000E+00   0.7772387E+02   0.2816634E+00
   0.5600000E+00   0.8331232E-01   0.0000000E+00   0.7914229E+02   0.2969384E+00
   0.5700000E+00   0.8480004E-01   0.0000000E+00   0.8056099E+02   0.3129568E+00
   0.5800000E+00   0.8628776E-01   0.0000000E+00   0.8197997E+02   0.3297290E+00
   0.5900000E+00   0.8777548E-01   0.0000000E+00   0.8339926E+02   0.3472650E+00
   0.6000000E+00   0.8926320E-01   0.0000000E+00   0.8481884E+02   0.3655749E+00
   0.6100000E+00   0.9075092E-01   0.0000000E+00   0.8623874E+02   0.3846687E+00
   0.6200000E+00   0.9223864E-01   0.0000000E+00   0.8765896E+02   0.4045564E+00
   0.6300000E+00   0.9372636E-01   0.0000000E+00   0.8907950E+02   0.4252479E+00
   0.6400000E+00   0.9521408E-01   0.0000000E+00   0.9050038E+02   0.4467533E+00
   0.6500000E+00   0.9670180E-01   0.0000000E+00   0.9192160E+02   0.4690829E+00
   0.6600000E+00   0.9818952E-01   0.0000000E+00   0.9334317E+02   0.4922471E+00
   0.6700000E+00   0.9967724E-01   0.0000000E+00   0.9476510E+02   0.5162567E+00
   0.6800000E+00   0.1011650E+00   0.0000000E+00   0.9618739E+02   0.5411224E+00
   0.6900000E+00   0.1026527E+00   0.0000000E+00   0.9761006E+02   0.5668556E+00
   0.7000000E+00   0.1041404E+00   0.0000000E+00   0.9903310E+02   0.5934678E+00
   0.7100000E+00   0.1056281E+00   0.0000000E+00   0.1004565E+03   0.6209708E+00
   0.7200000E+00   0.1071158E+00   0.0000000E+00   0.1018804E+03   0.6493771E+00
   0.7300000E+00   0.1086036E+00   0.0000000E+00   0.1033046E+03   0.6786991E+00
   0.7400000E+00   0.1100913E+00   0.0000000E+00   0.1047292E+03   0.7089502E+00
   0.7500000E+00   0.1115790E+00   0.0000000E+00   0.1061543E+03   0.7401437E+00
   0.7600000E+00   0.1130667E+00   0.0000000E+00   0.1075797E+03   0.7722937E+00
   0.7700000E+00   0.1145544E+00   0.0000000E+00   0.1090056E+03   0.8054147E+00
   0.7800000E+00   0.1160422E+00   0.0000000E+00   0.1104320E+03   0.8395217E+00
   0.7900000E+00   0.1175299E+00   0.0000000E+00   0.1118588E+03   0.8746301E+00
   0.8000000E+00   0.1190176E+00   0.0000000E+00   0.1132860E+03   0.9107557E+00
   0.8100000E+00   0.1205053E+00   0.0000000E+00   0.1147137E+03   0.9479152E+00
   0.8200000E+00   0.1219930E+00   0.0000000E+00   0.1161418E+03   0.9861254E+00
   0.8300000E+00   0.1234808E+00   0.0000000E+00   0.1175705E+03   0.1025404E+01
   0.8400000E+00   0.1249685E+00   0.0000000E+00   0.1189996E+03   0.1065769E+01
   0.8500000E+00   0.1264562E+00   0.0000000E+00   0.1204292E+03   0.1107238E+01
   0.8600000E+00   0.1279439E+00   0.0000000E+00   0.1218593E+03   0.1149831E+01
   0.8700000E+00   0.1294316E+00   0.0000000E+00   0.1232898E+03   0.1193568E+01
   0.8800000E+00   0.1309194E+00   0.0000000E+00   0.1247209E+03   0.1238468E+01
   0.8900000E+00   0.1324071E+00   0.0000000E+00   0.1261526E+03   0.1284552E+01
   0.9000000E+00   0.1338948E+00   0.0000000E+00   0.1275847E+03   0.1331841E+01
   0.9100000E+00   0.1353825E+00   0.0000000E+00   0.1290174E+03   0.1380356E+01
   0.9200000E+00   0.1368702E+00   0.0000000E+00   0.1304506E+03   0.1430121E+01
   0.9300000E+00   0.1383580E+00   0.0000000E+00   0.1318843E+03   0.1481157E+01
   0.9400000E+00   0.1398457E+00   0.0000000E+00   0.1333187E+03   0.1533487E+01
   0.9500000E+00   0.1413334E+00   0.0000000E+00   0.1347535E+03   0.1587135E+01
   0.9600000E+00   0.1428211E+00   0.0000000E+00   0.1361890E+03   0.1642125E+01
   0.9700000E+00   0.1443088E+00   0.0000000E+00   0.1376250E+03   0.1698481E+01
   0.9800000E+00   0.1457966E+00   0.0000000E+00   0.1390616E+03   0.1756228E+01
   0.9900000E+00   0.1472843E+00   0.0000000E+00   0.1404989E+03   0.1815393E+01
   0.1000000E+01   0.1487720E+00   0.0000000E+00   0.1419367E+03   0.1875999E+01
   0.1010000E+01   0.1502597E+00   0.0000000E+00   0.1433751E+03   0.1938074E+01
   0.1020000E+01   0.1517474E+00   0.0000000E+00   0.1448142E+03   0.2001645E+01
   0.1030000E+01   0.1532352E+00   0.0000000E+00   0.1462539E+03   0.2066737E+01
   0.1040000E+01   0.1547229E+00   0.0000000E+00   0.1476942E+03   0.2133379E+01
   0.1050000E+01   0.1562106E+00   0.0000000E+00   0.1491352E+03   0.2201598E+01
   0.1060000E+01   0.1576983E+00   0.0000000E+00   0.1505768E+03   0.2271423E+01
   0.1070000E+01   0.1591860E+00   0.0000000E+00   0.1520191E+03   0.2342882E+01
   0.1080000E+01   0.1606738E+00   0.0000000E+00   0.1534621E+03   0.2416004E+01
   0.1090000E+01   0.1621615E+00   0.0000000E+00   0.1549057E+03   0.2490817E+01
   0.1100000E+01   0.1636492E+00   0.0000000E+00   0.1563501E+03   0.2567352E+01
   0.1110000E+01   0.1651369E+00   0.0000000E+00   0.1577951E+03   0.2645638E+01
   0.1120000E+01   0.1666246E+00   0.0000000E+00   0.1592409E+03   0.2725705E+01
   0.1130000E+01   0.1681124E+00   0.0000000E+00   0.1606874E+03   0.2807584E+01
   0.1140000E+01   0.1696001E+00   0.0000000E+00   0.1621346E+03   0.2891305E+01
   0.1150000E+01   0.1710878E+00   0.0000000E+00   0.1635826E+03   0.2976900E+01
   0.1160000E+01   0.1725755E+00   0.0000000E+00   0.1650313E+03   0.3064398E+01
   0.1170000E+01   0.1740632E+00   0.0000000E+00   0.1664808E+03   0.3153832E+01
   0.1180000E+01   0.1755510E+00   0.0000000E+00   0.1679311E+03   0.3245233E+01
   0.1190000E+01   0.1770387E+00   0.0000000E+00   0.1693821E+03   0.3338632E+01
   0.1200000E+01   0.1785264E+00   0.0000000E+00   0.1708339E+03   0.3434063E+01
   0.1210000E+01   0.1800141E+00   0.0000000E+00   0.1722866E+03   0.3531557E+01
   0.1220000E+01   0.1815018E+00   0.0000000E+00   0.1737400E+03   0.3631146E+01
   0.1230000E+01   0.1829896E+00   0.0000000E+00   0.1751943E+03   0.3732862E+01
   0.1240000E+01   0.1844773E+00   0.0000000E+00   0.1766494E+03   0.3836740E+01
   0.1250000E+01   0.1859650E+00   0.0000000E+00   0.1781054E+03   0.3942810E+01
   0.1260000E+01   0.1874527E+00   0.0000000E+00   0.1795622E+03   0.4051106E+01
   0.1270000E+01   0.1889404E+00   0.0000000E+00   0.1810199E+03   0.4161661E+01
   0.1280000E+01   0.1904282E+00   0.0000000E+00   0.1824784E+03   0.4274509E+01
   0.1290000E+01   0.1919159E+00   0.0000000E+00   0.1839379E+03   0.4389682E+01
   0.1300000E+01   0.1934036E+00   0.0000000E+00   0.1853983E+03   0.4507213E+01
   0.1310000E+01   0.1948913E+00   0.0000000E+00   0.1868595E+03   0.4627136E+01
   0.1320000E+01   0.1963790E+00   0.0000000E+00   0.1883217E+03   0.4749484E+01
   0.1330000E+01   0.1978668E+00   0.0000000E+00   0.1897848E+03   0.4874291E+01
   0.1340000E+01   0.1993545E+00   0.0000000E+00   0.1912489E+03   0.5001590E+01
   0.1350000E+01   0.2008422E+00   0.0000000E+00   0.1927140E+03   0.5131415E+01
   0.1360000E+01   0.2023299E+00   0.0000000E+00   0.1941800E+03   0.5263799E+01
   0.1370000E+01   0.2038176E+00   0.0000000E+00   0.1956470E+03   0.5398775E+01
   0.1380000E+01   0.2053054E+00   0.0000000E+00   0.1971150E+03   0.5536376E+01
   0.1390000E+01   0.2067931E+00   0.0000000E+00   0.1985839E+03   0.5676638E+01
   0.1400000E+01   0.2082808E+00   0.0000000E+00   0.2000540E+03   0.5819592E+01
   0.1410000E+01   0.2097685E+00   0.0000000E+00   0.2015250E+03   0.5965272E+01
   0.1420000E+01   0.2112562E+00   0.0000000E+00   0.2029971E+03   0.6113711E+01
   0.1430000E+01   0.2127440E+00   0.0000000E+00   0.2044702E+03   0.6264943E+01
   0.1440000E+01   0.2142317E+00   0.0000000E+00   0.2059444E+03   0.6419001E+01
   0.1450000E+01   0.2157194E+00   0.0000000E+00   0.2074197E+03   0.6575918E+01
   0.1460000E+01   0.2172071E+00   0.0000000E+00   0.2088961E+03   0.6735726E+01
   0.1470000E+01   0.2186948E+00   0.0000000E+00   0.2103736E+03   0.6898459E+01
   0.1480000E+01   0.2201826E+00   0.0000000E+00   0.2118522E+03   0.7064150E+01
   0.1490000E+01   0.2216703E+00   0.0000000E+00   0.2133319E+03   0.7232830E+01
   0.1500000E+01   0.2231580E+00   0.0000000E+00   0.2148128E+03   0.7404534E+01
   0.1510000E+01   0.2246457E+00   0.0000000E+00   0.2162948E+03   0.7579292E+01
   0.1520000E+01   0.2261334E+00   0.0000000E+00   0.2177780E+03   0.7757137E+01
   0.1530000E+01   0.2276212E+00   0.0000000E+00   0.2192624E+03   0.7938102E+01
   0.1540000E+01   0.2291089E+00   0.0000000E+00   0.2207480E+03   0.8122218E+01
   0.1550000E+01   0.2305966E+00   0.0000000E+00   0.2222347E+03   0.8309517E+01
   0.1560000E+01   0.2320843E+00   0.0000000E+00   0.2237227E+03   0.8500031E+01
   0.1570000E+01   0.2335720E+00   0.0000000E+00   0.2252120E+03   0.8693790E+01
   0.1580000E+01   0.2350598E+00   0.0000000E+00   0.2267024E+03   0.8890826E+01
   0.1590000E+01   0.2365475E+00   0.0000000E+00   0.2281942E+03   0.9091171E+01
   0.1600000E+01   0.2380352E+00   0.0000000E+00   0.2296872E+03   0.9294854E+01
   0.1610000E+01   0.2395229E+00   0.0000000E+00   0.2311814E+03   0.9501907E+01
   0.1620000E+01   0.2410106E+00   0.0000000E+00   0.2326770E+03   0.9712359E+01
   0.1630000E+01   0.2424984E+00   0.0000000E+00   0.2341739E+03   0.9926241E+01
   0.1640000E+01   0.2439861E+00   0.0000000E+00   0.2356721E+03   0.1014358E+02
   0.1650000E+01   0.2454738E+00   0.0000000E+00   0.2371717E+03   0.1036441E+02
   0.1660000E+01   0.2469615E+00   0.0000000E+00   0.2386726E+03   0.1058876E+02
   0.1670000E+01   0.2484492E+00   0.0000000E+00   0.2401748E+03   0.1081666E+02
   0.1680000E+01   0.2499370E+00   0.0000000E+00   0.2416784E+03   0.1104813E+02
   0.1690000E+01   0.2514247E+00   0.0000000E+00   0.2431835E+03   0.1128321E+02
   0.1700000E+01   0.2529124E+00   0.0000000E+00   0.2446899E+03   0.1152193E+02
   0.1710000E+01   0.2544001E+00   0.0000000E+00   0.2461977E+03   0.1176430E+02
   0.1720000E+01   0.2558878E+00   0.0000000E+00   0.2477070E+03   0.1201036E+02
   0.1730000E+01   0.2573756E+00   0.0000000E+00   0.2492177E+03   0.1226014E+02
   0.1740000E+01   0.2588633E+00   0.0000000E+00   0.2507299E+03   0.1251367E+02
   0.1750000E+01   0.2603510E+00   0.0000000E+00   0.2522435E+03   0.1277096E+02
   0.1760000E+01   0.2618387E+00   0.0000000E+00   0.2537586E+03   0.1303205E+02
   0.1770000E+01   0.2633264E+00   0.0000000E+00   0.2552752E+03   0.1329697E+02
   0.1780000E+01   0.2648142E+00   0.0000000E+00   0.2567933E+03   0.1356574E+02
   0.1790000E+01   0.2663019E+00   0.0000000E+00   0.2583130E+03   0.1383838E+02
   0.1800000E+01   0.2677896E+00   0.0000000E+00   0.2598341E+03   0.1411492E+02
   0.1810000E+01   0.2692773E+00   0.0000000E+00   0.2613568E+03   0.1439539E+02
   0.1820000E+01   0.2707650E+00   0.0000000E+00   0.2628811E+03   0.1467980E+02
   0.1830000E+01   0.2722528E+00   0.0000000E+00   0.2644070E+03   0.1496820E+02
   0.1840000E+01   0.2737405E+00   0.0000000E+00   0.2659344E+03   0.1526059E+02
   0.1850000E+01   0.2752282E+00   0.0000000E+00   0.2674634E+03   0.1555700E+02
   0.1860000E+01   0.2767159E+00   0.0000000E+00   0.2689941E+03   0.1585746E+02
   0.1870000E+01   0.2782036E+00   0.0000000E+00   0.2705264E+03   0.1616199E+02
   0.1880000E+01   0.2796914E+00   0.0000000E+00   0.2720603E+03   0.1647061E+02
   0.1890000E+01   0.2811791E+00   0.0000000E+00   0.2735958E+03   0.1678335E+02
   0.1900000E+01   0.2826668E+00   0.0000000E+00   0.2751331E+03   0.1710022E+02
   0.1910000E+01   0.2841545E+00   0.0000000E+00   0.2766720E+03   0.1742124E+02
   0.1920000E+01   0.2856422E+00   0.0000000E+00   0.2782126E+03   0.1774645E+02
   0.1930000E+01   0.2871300E+00   0.0000000E+00   0.2797549E+03   0.1807586E+02
   0.1940000E+01   0.2886177E+00   0.0000000E+00   0.2812989E+03   0.1840949E+02
   0.1950000E+01   0.2901054E+00   0.0000000E+00   0.2828447E+03   0.1874736E+02
   0.1960000E+01   0.2915931E+00   0.0000000E+00   0.2843922E+03   0.1908949E+02
   0.1970000E+01   0.2930808E+00   0.0000000E+00   0.2859414E+03   0.1943590E+02
   0.1980000E+01   0.2945686E+00   0.0000000E+00   0.2874925E+03   0.1978661E+02
   0.1990000E+01   0.2960563E+00   0.0000000E+00   0.2890453E+03   0.2014164E+02
   0.2000000E+01   0.2975440E+00   0.0000000E+00   0.2905999E+03   0.2050100E+02
   0.2010000E+01   0.2990317E+00   0.0000000E+00   0.2921563E+03   0.2086473E+02
   0.2020000E+01   0.3005194E+00   0.0000000E+00   0.2937145E+03   0.2123282E+02
   0.2030000E+01   0.3020072E+00   0.0000000E+00   0.2952746E+03   0.2160531E+02
   0.2040000E+01   0.3034949E+00   0.0000000E+00   0.2968365E+03   0.2198220E+02
   0.2050000E+01   0.3049826E+00   0.0000000E+00   0.2984002E+03   0.2236352E+02
   0.2060000E+01   0.3064703E+00   0.0000000E+00   0.2999659E+03   0.2274928E+02
   0.2070000E+01   0.3079580E+00   0.0000000E+00   0.3015334E+03   0.2313950E+02
   0.2080000E+01   0.3094458E+00   0.0000000E+00   0.3031028E+03   0.2353419E+02
   0.2090000E+01   0.3109335E+00   0.0000000E+00   0.3046742E+03   0.2393337E+02
   0.2100000E+01   0.3124212E+00   0.0000000E+00   0.3062474E+03   0.2433705E+02
   0.2110000E+01   0.3139089E+00   0.0000000E+00   0.3078226E+03   0.2474525E+02
   0.2120000E+01   0.3153966E+00   0.0000000E+00   0.3093997E+03   0.2515798E+02
   0.2130000E+01   0.3168844E+00   0.0000000E+00   0.3109788E+03   0.2557526E+02
   0.2140000E+01   0.3183721E+00   0.0000000E+00   0.3125598E+03   0.2599710E+02
   0.2150000E+01   0.3198598E+00   0.0000000E+00   0.3141429E+03   0.2642352E+02
   0.2160000E+01   0.3213475E+00   0.0000000E+00   0.3157279E+03   0.2685452E+02
   0.2170000E+01   0.3228352E+00   0.0000000E+00   0.3173149E+03   0.2729012E+02
   0.2180000E+01   0.3243230E+00   0.0000000E+00   0.3189040E+03   0.2773033E+02
   0.2190000E+01   0.3258107E+00   0.0000000E+00   0.3204951E+03   0.2817516E+02
   0.2200000E+01   0.3272984E+00   0.0000000E+00   0.3220882E+03   0.2862463E+02
   0.2210000E+01   0.3287861E+00   0.0000000E+00   0.3236834E+03   0.2907875E+02
   0.2220000E+01   0.3302738E+00   0.0000000E+00   0.3252806E+03   0.2953752E+02
   0.2230000E+01   0.3317616E+00   0.0000000E+00   0.3268799E+03   0.3000097E+02
   0.2240000E+01   0.3332493E+00   0.0000000E+00   0.3284814E+03   0.3046909E+02
   0.2250000E+01   0.3347370E+00   0.0000000E+00   0.3300849E+03   0.3094190E+02
   0.2260000E+01   0.3362247E+00   0.0000000E+00   0.3316905E+03   0.3141941E+02
   0.2270000E+01   0.3377124E+00   0.0000000E+00   0.3332982E+03   0.3190162E+02
   0.2280000E+01   0.3392002E+00   0.0000000E+00   0.3349081E+03   0.3238856E+02
   0.2290000E+01   0.3406879E+00   0.0000000E+00   0.3365201E+03   0.3288022E+02
   0.2300000E+01   0.3421756E+00   0.0000000E+00   0.3381343E+03   0.3337661E+02
   0.2310000E+01   0.3436633E+00   0.0000000E+00   0.3397507E+03   0.3387775E+02
   0.2320000E+01   0.3451510E+00   0.0000000E+00   0.3413692E+03   0.3438364E+02
   0.2330000E+01   0.3466388E+00   0.0000000E+00   0.3429899E+03   0.3489429E+02
   0.2340000E+01   0.3481265E+00   0.0000000E+00   0.3446128E+03   0.3540970E+02
   0.2350000E+01   0.3496142E+00   0.0000000E+00   0.3462380E+03   0.3592988E+02
   0.2360000E+01   0.3511019E+00   0.0000000E+00   0.3478653E+03   0.3645485E+02
   0.2370000E+01   0.3525896E+00   0.0000000E+00   0.3494949E+03   0.3698460E+02
   0.2380000E+01   0.3540774E+00   0.0000000E+00   0.3511268E+03   0.3751914E+02
   0.2390000E+01   0.3555651E+00   0.0000000E+00   0.3527609E+03   0.3805848E+02
   0.2400000E+01   0.3570528E+00   0.0000000E+00   0.3543972E+03   0.3860263E+02
   0.2410000E+01   0.3585405E+00   0.0000000E+00   0.3560359E+03   0.3915158E+02
   0.2420000E+01   0.3600282E+00   0.0000000E+00   0.3576768E+03   0.3970535E+02
   0.2430000E+01   0.3615160E+00   0.0000000E+00   0.3593200E+03   0.4026394E+02
   0.2440000E+01   0.3630037E+00   0.0000000E+00   0.3609656E+03   0.4082735E+02
   0.2450000E+01   0.3644914E+00   0.0000000E+00   0.3626134E+03   0.4139559E+02
   0.2460000E+01   0.3659791E+00   0.0000000E+00   0.3642636E+03   0.4196866E+02
   0.2470000E+01   0.3674668E+00   0.0000000E+00   0.3659161E+03   0.4254657E+02
   0.2480000E+01   0.3689546E+00   0.0000000E+00   0.3675710E+03   0.4312932E+02
   0.2490000E+01   0.3704423E+00   0.0000000E+00   0.3692282E+03   0.4371691E+02
   0.2500000E+01   0.3719300E+00   0.0000000E+00   0.3708878E+03   0.4430934E+02
   0.2510000E+01   0.3734177E+00   0.0000000E+00   0.3725498E+03   0.4490663E+02
   0.2520000E+01   0.3749054E+00   0.0000000E+00   0.3742142E+03   0.4550877E+02
   0.2530000E+01   0.3763932E+00   0.0000000E+00   0.3758809E+03   0.4611576E+02
   0.2540000E+01   0.3778809E+00   0.0000000E+00   0.3775501E+03   0.4672761E+02
   0.2550000E+01   0.3793686E+00   0.0000000E+00   0.3792217E+03   0.4734432E+02
   0.2560000E+01   0.3808563E+00   0.0000000E+00   0.3808957E+03   0.4796589E+02
   0.2570000E+01   0.3823440E+00   0.0000000E+00   0.3825722E+03   0.4859232E+02
   0.2580000E+01   0.3838318E+00   0.0000000E+00   0.3842511E+03   0.4922361E+02
   0.2590000E+01   0.3853195E+00   0.0000000E+00   0.3859325E+03   0.4985977E+02
   0.2600000E+01   0.3868072E+00   0.0000000E+00   0.3876163E+03   0.5050079E+02
   0.2610000E+01   0.3882949E+00   0.0000000E+00   0.3893026E+03   0.5114668E+02
   0.2620000E+01   0.3897826E+00   0.0000000E+00   0.3909914E+03   0.5179744E+02
   0.2630000E+01   0.3912704E+00   0.0000000E+00   0.3926827E+03   0.5245306E+02
   0.2640000E+01   0.3927581E+00   0.0000000E+00   0.3943765E+03   0.5311356E+02
   0.2650000E+01   0.3942458E+00   0.0000000E+00   0.3960727E+03   0.5377892E+02
   0.2660000E+01   0.3957335E+00   0.0000000E+00   0.3977716E+03   0.5444914E+02
   0.2670000E+01   0.3972212E+00   0.0000000E+00   0.3994729E+03   0.5512424E+02
   0.2680000E+01   0.3987090E+00   0.0000000E+00   0.4011768E+03   0.5580419E+02
   0.2690000E+01   0.4001967E+00   0.0000000E+00   0.4028832E+03   0.5648902E+02
   0.2700000E+01   0.4016844E+00   0.0000000E+00   0.4045922E+03   0.5717871E+02
   0.2710000E+01   0.4031721E+00   0.0000000E+00   0.4063037E+03   0.5787327E+02
   0.2720000E+01   0.4046598E+00   0.0000000E+00   0.4080179E+03   0.5857268E+02
   0.2730000E+01   0.4061476E+00   0.0000000E+00   0.4097346E+03   0.5927696E+02
   0.2740000E+01   0.4076353E+00   0.0000000E+00   0.4114538E+03   0.5998610E+02
   0.2750000E+01   0.4091230E+00   0.0000000E+00   0.4131757E+03   0.6070010E+02
   0.2760000E+01   0.4106107E+00   0.0000000E+00   0.4149002E+03   0.6141895E+02
   0.2770000E+01   0.4120984E+00   0.0000000E+00   0.4166273E+03   0.6214266E+02
   0.2780000E+01   0.4135862E+00   0.0000000E+00   0.4183570E+03   0.6287122E+02
   0.2790000E+01   0.4150739E+00   0.0000000E+00   0.4200893E+03   0.6340972E+02
   0.2800000E+01   0.4165616E+00   0.0000000E+00   0.4218226E+03   0.6363885E+02
   0.2810000E+01   0.4180493E+00   0.0000000E+00   0.4235568E+03   0.6387228E+02
   0.2820000E+01   0.4195370E+00   0.0000000E+00   0.4252919E+03   0.6411013E+02
   0.2830000E+01   0.4210248E+00   0.0000000E+00   0.4270278E+03   0.6435250E+02
   0.2840000E+01   0.4225125E+00   0.0000000E+00   0.4287646E+03   0.6459949E+02
   0.2850000E+01   0.4240002E+00   0.0000000E+00   0.4305022E+03   0.6485120E+02
   0.2860000E+01   0.4254879E+00   0.0000000E+00   0.4322407E+03   0.6510772E+02
   0.2870000E+01   0.4269756E+00   0.0000000E+00   0.4339802E+03   0.6536911E+02
   0.2880000E+01   0.4284634E+00   0.0000000E+00   0.4357205E+03   0.6563547E+02
   0.2890000E+01   0.4299511E+00   0.0000000E+00   0.4374618E+03   0.6590685E+02
   0.2900000E+01   0.4314388E+00   0.0000000E+00   0.4392040E+03   0.6618332E+02
   0.2910000E+01   0.4329265E+00   0.0000000E+00   0.4409472E+03   0.6646495E+02
   0.2920000E+01   0.4344142E+00   0.0000000E+00   0.4426914E+03   0.6675178E+02
   0.2930000E+01   0.4359020E+00   0.0000000E+00   0.4444366E+03   0.6704388E+02
   0.2940000E+01   0.4373897E+00   0.0000000E+00   0.4461827E+03   0.6734127E+02
   0.2950000E+01   0.4388774E+00   0.0000000E+00   0.4479299E+03   0.6764401E+02
   0.2960000E+01   0.4403651E+00   0.0000000E+00   0.4496782E+03   0.6795214E+02
   0.2970000E+01   0.4418528E+00   0.0000000E+00   0.4514274E+03   0.6826569E+02
   0.2980000E+01   0.4433406E+00   0.0000000E+00   0.4531778E+03   0.6858470E+02
   0.2990000E+01   0.4448283E+00   0.0000000E+00   0.4549292E+03   0.6890918E+02
   0.3000000E+01   0.4463160E+00   0.0000000E+00   0.4566817E+03   0.6923918E+02
   0.3010000E+01   0.4478037E+00   0.0000000E+00   0.4584354E+03   0.6957471E+02
   0.3020000E+01   0.4492914E+00   0.0000000E+00   0.4601901E+03   0.6991580E+02
   0.3030000E+01   0.4507792E+00   0.0000000E+00   0.4619460E+03   0.7026245E+02
   0.3040000E+01   0.4522669E+00   0.0000000E+00   0.4637030E+03   0.7061470E+02
   0.3050000E+01   0.4537546E+00   0.0000000E+00   0.4654613E+03   0.7097255E+02
   0.3060000E+01   0.4552423E+00   0.0000000E+00   0.4672206E+03   0.7133601E+02
   0.3070000E+01   0.4567300E+00   0.0000000E+00   0.4689812E+03   0.7170509E+02
   0.3080000E+01   0.4582178E+00   0.0000000E+00   0.4707430E+03   0.7207981E+02
   0.3090000E+01   0.4597055E+00   0.0000000E+00   0.4725061E+03   0.7246017E+02
   0.3100000E+01   0.4611932E+00   0.0000000E+00   0.4742703E+03   0.7284616E+02
   0.3110000E+01   0.4626809E+00   0.0000000E+00   0.4760359E+03   0.7323781E+02
   0.3120000E+01   0.4641686E+00   0.0000000E+00   0.4778026E+03   0.7363510E+02
   0.3130000E+01   0.4656564E+00   0.0000000E+00   0.4795707E+03   0.7403803E+02
   0.3140000E+01   0.4671441E+00   0.0000000E+00   0.4813401E+03   0.7444661E+02
   0.3150000E+01   0.4686318E+00   0.0000000E+00   0.4831108E+03   0.7486083E+02
   0.3160000E+01   0.4701195E+00   0.0000000E+00   0.4848828E+03   0.7528069E+02
   0.3170000E+01   0.4716072E+00   0.0000000E+00   0.4866561E+03   0.7570619E+02
   0.3180000E+01   0.4730950E+00   0.0000000E+00   0.4884308E+03   0.7613730E+02
   0.3190000E+01   0.4745827E+00   0.0000000E+00   0.4902069E+03   0.7657404E+02
   0.3200000E+01   0.4760704E+00   0.0000000E+00   0.4919843E+03   0.7701639E+02
   0.3210000E+01   0.4775581E+00   0.0000000E+00   0.4937631E+03   0.7746434E+02
   0.3220000E+01   0.4790458E+00   0.0000000E+00   0.4955433E+03   0.7791789E+02
   0.3230000E+01   0.4805336E+00   0.0000000E+00   0.4973250E+03   0.7837701E+02
   0.3240000E+01   0.4820213E+00   0.0000000E+00   0.4991081E+03   0.7884171E+02
   0.3250000E+01   0.4835090E+00   0.0000000E+00   0.5008926E+03   0.7931196E+02
   0.3260000E+01   0.4849967E+00   0.0000000E+00   0.5026786E+03   0.7978776E+02
   0.3270000E+01   0.4864844E+00   0.0000000E+00   0.5044660E+03   0.8026909E+02
   0.3280000E+01   0.4879722E+00   0.0000000E+00   0.5062549E+03   0.8075594E+02
   0.3290000E+01   0.4894599E+00   0.0000000E+00   0.5080453E+03   0.8124829E+02
   0.3300000E+01   0.4909476E+00   0.0000000E+00   0.5098373E+03   0.8174613E+02
   0.3310000E+01   0.4924353E+00   0.0000000E+00   0.5116307E+03   0.8224944E+02
   0.3320000E+01   0.4939230E+00   0.0000000E+00   0.5134257E+03   0.8275821E+02
   0.3330000E+01   0.4954108E+00   0.0000000E+00   0.5152222E+03   0.8327242E+02
   0.3340000E+01   0.4968985E+00   0.0000000E+00   0.5170202E+03   0.8379205E+02
   0.3350000E+01   0.4983862E+00   0.0000000E+00   0.5188198E+03   0.8431709E+02
   0.3360000E+01   0.4998739E+00   0.0000000E+00   0.5206210E+03   0.8484752E+02
   0.3370000E+01   0.5013616E+00   0.0000000E+00   0.5224238E+03   0.8538333E+02
   0.3380000E+01   0.5028494E+00   0.0000000E+00   0.5242282E+03   0.8592448E+02
   0.3390000E+01   0.5043371E+00   0.0000000E+00   0.5260342E+03   0.8647098E+02
   0.3400000E+01   0.5058248E+00   0.0000000E+00   0.5278418E+03   0.8702278E+02
   0.3410000E+01   0.5073125E+00   0.0000000E+00   0.5296511E+03   0.8757989E+02
   0.3420000E+01   0.5088002E+00   0.0000000E+00   0.5314619E+03   0.8814228E+02
   0.3430000E+01   0.5102880E+00   0.0000000E+00   0.5332745E+03   0.8870993E+02
   0.3440000E+01   0.5117757E+00   0.0000000E+00   0.5350887E+03   0.8928282E+02
   0.3450000E+01   0.5132634E+00   0.0000000E+00   0.5369046E+03   0.8986094E+02
   0.3460000E+01   0.5147511E+00   0.0000000E+00   0.5387221E+03   0.9044425E+02
   0.3470000E+01   0.5162388E+00   0.0000000E+00   0.5405414E+03   0.9103276E+02
   0.3480000E+01   0.5177266E+00   0.0000000E+00   0.5423623E+03   0.9162642E+02
   0.3490000E+01   0.5192143E+00   0.0000000E+00   0.5441850E+03   0.9222523E+02
   0.3500000E+01   0.5207020E+00   0.0000000E+00   0.5460094E+03   0.9282917E+02
   0.3510000E+01   0.5221897E+00   0.0000000E+00   0.5478355E+03   0.9343821E+02
   0.3520000E+01   0.5236774E+00   0.0000000E+00   0.5496633E+03   0.9405234E+02
   0.3530000E+01   0.5251652E+00   0.0000000E+00   0.5514930E+03   0.9467154E+02
   0.3540000E+01   0.5266529E+00   0.0000000E+00   0.5533243E+03   0.9529578E+02
   0.3550000E+01   0.5281406E+00   0.0000000E+00   0.5551575E+03   0.9592504E+02
   0.3560000E+01   0.5296283E+00   0.0000000E+00   0.5569924E+03   0.9655932E+02
   0.3570000E+01   0.5311160E+00   0.0000000E+00   0.5588291E+03   0.9719858E+02
   0.3580000E+01   0.5326038E+00   0.0000000E+00   0.5606676E+03   0.9784281E+02
   0.3590000E+01   0.5340915E+00   0.0000000E+00   0.5625080E+03   0.9849199E+02
   0.3600000E+01   0.5355792E+00   0.0000000E+00   0.5643501E+03   0.9914609E+02
   0.3610000E+01   0.5370669E+00   0.0000000E+00   0.5661941E+03   0.9980510E+02
   0.3620000E+01   0.5385546E+00   0.0000000E+00   0.5680398E+03   0.1004690E+03
   0.3630000E+01   0.5400424E+00   0.0000000E+00   0.5698875E+03   0.1011378E+03
   0.3640000E+01   0.5415301E+00   0.0000000E+00   0.5717370E+03   0.1018114E+03
   0.3650000E+01   0.5430178E+00   0.0000000E+00   0.5735883E+03   0.1024898E+03
   0.3660000E+01   0.5445055E+00   0.0000000E+00   0.5754415E+03   0.1031731E+03
   0.3670000E+01   0.5459932E+00   0.0000000E+00   0.5772966E+03   0.1038612E+03
   0.3680000E+01   0.5474810E+00   0.0000000E+00   0.5791535E+03   0.1045540E+03
   0.3690000E+01   0.5489687E+00   0.0000000E+00   0.5810124E+03   0.1052516E+03
   0.3700000E+01   0.5504564E+00   0.0000000E+00   0.5828731E+03   0.1059539E+03
   0.3710000E+01   0.5519441E+00   0.0000000E+00   0.5847358E+03   0.1066609E+03
   0.3720000E+01   0.5534318E+00   0.0000000E+00   0.5866003E+03   0.1073727E+03
   0.3730000E+01   0.5549196E+00   0.0000000E+00   0.5884668E+03   0.1080891E+03
   0.3740000E+01   0.5564073E+00   0.0000000E+00   0.5903352E+03   0.1088101E+03
   0.3750000E+01   0.5578950E+00   0.0000000E+00   0.5922056E+03   0.1095358E+03
   0.3760000E+01   0.5593827E+00   0.0000000E+00   0.5940778E+03   0.1102662E+03
   0.3770000E+01   0.5608704E+00   0.0000000E+00   0.5959521E+03   0.1110011E+03
   0.3780000E+01   0.5623582E+00   0.0000000E+00   0.5978283E+03   0.1117406E+03
   0.3790000E+01   0.5638459E+00   0.0000000E+00   0.5997064E+03   0.1124847E+03
   0.3800000E+01   0.5653336E+00   0.0000000E+00   0.6015865E+03   0.1132334E+03
   0.3810000E+01   0.5668213E+00   0.0000000E+00   0.6034686E+03   0.1139865E+03
   0.3820000E+01   0.5683090E+00   0.0000000E+00   0.6053527E+03   0.1147442E+03
   0.3830000E+01   0.5697968E+00   0.0000000E+00   0.6072388E+03   0.1155064E+03
   0.3840000E+01   0.5712845E+00   0.0000000E+00   0.6091268E+03   0.1162731E+03
   0.3850000E+01   0.5727722E+00   0.0000000E+00   0.6110169E+03   0.1170442E+03
   0.3860000E+01   0.5742599E+00   0.0000000E+00   0.6129090E+03   0.1178198E+03
   0.3870000E+01   0.5757476E+00   0.0000000E+00   0.6148030E+03   0.1185998E+03
   0.3880000E+01   0.5772354E+00   0.0000000E+00   0.6166992E+03   0.1193842E+03
   0.3890000E+01   0.5787231E+00   0.0000000E+00   0.6185973E+03   0.1201730E+03
   0.3900000E+01   0.5802108E+00   0.0000000E+00   0.6204975E+03   0.1209662E+03
   0.3910000E+01   0.5816985E+00   0.0000000E+00   0.6223997E+03   0.1217638E+03
   0.3920000E+01   0.5831862E+00   0.0000000E+00   0.6243039E+03   0.1225657E+03
   0.3930000E+01   0.5846740E+00   0.0000000E+00   0.6262102E+03   0.1233719E+03
   0.3940000E+01   0.5861617E+00   0.0000000E+00   0.6281186E+03   0.1241825E+03
   0.3950000E+01   0.5876494E+00   0.0000000E+00   0.6300290E+03   0.1249973E+03
   0.3960000E+01   0.5891371E+00   0.0000000E+00   0.6319415E+03   0.1258164E+03
   0.3970000E+01   0.5906248E+00   0.0000000E+00   0.6338561E+03   0.1266398E+03
   0.3980000E+01   0.5921126E+00   0.0000000E+00   0.6357727E+03   0.1274675E+03
   0.3990000E+01   0.5936003E+00   0.0000000E+00   0.6376915E+03   0.1282993E+03
   0.4000000E+01   0.5950880E+00   0.0000000E+00   0.6396123E+03   0.1291354E+03
   0.4010000E+01   0.5965757E+00   0.0000000E+00   0.6415352E+03   0.1299757E+03
   0.4020000E+01   0.5980634E+00   0.0000000E+00   0.6434602E+03   0.1308202E+03
   0.4030000E+01   0.5995512E+00   0.0000000E+00   0.6453873E+03   0.1316689E+03
   0.4040000E+01   0.6010389E+00   0.0000000E+00   0.6473166E+03   0.1325217E+03
   0.4050000E+01   0.6025266E+00   0.0000000E+00   0.6492479E+03   0.1333786E+03
   0.4060000E+01   0.6040143E+00   0.0000000E+00   0.6511814E+03   0.1342397E+03
   0.4070000E+01   0.6055020E+00   0.0000000E+00   0.6531170E+03   0.1351049E+03
   0.4080000E+01   0.6069898E+00   0.0000000E+00   0.6550547E+03   0.1359742E+03
   0.4090000E+01   0.6084775E+00   0.0000000E+00   0.6569946E+03   0.1368476E+03
   0.4100000E+01   0.6099652E+00   0.0000000E+00   0.6589366E+03   0.1377251E+03
   0.4110000E+01   0.6114529E+00   0.0000000E+00   0.6608808E+03   0.1386066E+03
   0.4120000E+01   0.6129406E+00   0.0000000E+00   0.6628271E+03   0.1394922E+03
   0.4130000E+01   0.6144284E+00   0.0000000E+00   0.6647755E+03   0.1403818E+03
   0.4140000E+01   0.6159161E+00   0.0000000E+00   0.6667261E+03   0.1412754E+03
   0.4150000E+01   0.6174038E+00   0.0000000E+00   0.6686789E+03   0.1421730E+03
   0.4160000E+01   0.6188915E+00   0.0000000E+00   0.6706338E+03   0.1430746E+03
   0.4170000E+01   0.6203792E+00   0.0000000E+00   0.6725910E+03   0.1439802E+03
   0.4180000E+01   0.6218670E+00   0.0000000E+00   0.6745503E+03   0.1448898E+03
   0.4190000E+01   0.6233547E+00   0.0000000E+00   0.6765117E+03   0.1458033E+03
   0.4200000E+01   0.6248424E+00   0.0000000E+00   0.6784754E+03   0.1467207E+03
   0.4210000E+01   0.6263301E+00   0.0000000E+00   0.6804412E+03   0.1476421E+03
   0.4220000E+01   0.6278178E+00   0.0000000E+00   0.6824093E+03   0.1485674E+03
   0.4230000E+01   0.6293056E+00   0.0000000E+00   0.6843795E+03   0.1494966E+03
   0.4240000E+01   0.6307933E+00   0.0000000E+00   0.6863520E+03   0.1504296E+03
   0.4250000E+01   0.6322810E+00   0.0000000E+00   0.6883266E+03   0.1513666E+03
   0.4260000E+01   0.6337687E+00   0.0000000E+00   0.6903035E+03   0.1523074E+03
   0.4270000E+01   0.6352564E+00   0.0000000E+00   0.6922825E+03   0.1532520E+03
   0.4280000E+01   0.6367442E+00   0.0000000E+00   0.6942638E+03   0.1542005E+03
   0.4290000E+01   0.6382319E+00   0.0000000E+00   0.6962473E+03   0.1551528E+03
   0.4300000E+01   0.6397196E+00   0.0000000E+00   0.6982330E+03   0.1561090E+03
   0.4310000E+01   0.6412073E+00   0.0000000E+00   0.7002210E+03   0.1570689E+03
   0.4320000E+01   0.6426950E+00   0.0000000E+00   0.7022112E+03   0.1580326E+03
   0.4330000E+01   0.6441828E+00   0.0000000E+00   0.7042036E+03   0.1590002E+03
   0.4340000E+01   0.6456705E+00   0.0000000E+00   0.7061983E+03   0.1599714E+03
   0.4350000E+01   0.6471582E+00   0.0000000E+00   0.7081952E+03   0.1609465E+03
   0.4360000E+01   0.6486459E+00   0.0000000E+00   0.7101943E+03   0.1619253E+03
   0.4370000E+01   0.6501336E+00   0.0000000E+00   0.7121957E+03   0.1629078E+03
   0.4380000E+01   0.6516214E+00   0.0000000E+00   0.7141994E+03   0.1638940E+03
   0.4390000E+01   0.6531091E+00   0.0000000E+00   0.7162053E+03   0.1648840E+03
   0.4400000E+01   0.6545968E+00   0.0000000E+00   0.7182134E+03   0.1658777E+03
   0.4410000E+01   0.6560845E+00   0.0000000E+00   0.7202239E+03   0.1668750E+03
   0.4420000E+01   0.6575722E+00   0.0000000E+00   0.7222366E+03   0.1678760E+03
   0.4430000E+01   0.6590600E+00   0.0000000E+00   0.7242515E+03   0.1688807E+03
   0.4440000E+01   0.6605477E+00   0.0000000E+00   0.7262688E+03   0.1698891E+03
   0.4450000E+01   0.6620354E+00   0.0000000E+00   0.7282883E+03   0.1709011E+03
   0.4460000E+01   0.6635231E+00   0.0000000E+00   0.7303101E+03   0.1719168E+03
   0.4470000E+01   0.6650108E+00   0.0000000E+00   0.7323341E+03   0.1729361E+03
   0.4480000E+01   0.6664986E+00   0.0000000E+00   0.7343605E+03   0.1739590E+03
   0.4490000E+01   0.6679863E+00   0.0000000E+00   0.7363891E+03   0.1749855E+03
   0.4500000E+01   0.6694740E+00   0.0000000E+00   0.7384201E+03   0.1760156E+03
   0.4510000E+01   0.6709617E+00   0.0000000E+00   0.7404533E+03   0.1770493E+03
   0.4520000E+01   0.6724494E+00   0.0000000E+00   0.7424888E+03   0.1780866E+03
   0.4530000E+01   0.6739372E+00   0.0000000E+00   0.7445266E+03   0.1791275E+03
   0.4540000E+01   0.6754249E+00   0.0000000E+00   0.7465668E+03   0.1801719E+03
   0.4550000E+01   0.6769126E+00   0.0000000E+00   0.7486092E+03   0.1812199E+03
   0.4560000E+01   0.6784003E+00   0.0000000E+00   0.7506539E+03   0.1822714E+03
   0.4570000E+01   0.6798880E+00   0.0000000E+00   0.7527010E+03   0.1833265E+03
   0.4580000E+01   0.6813758E+00   0.0000000E+00   0.7547503E+03   0.1843850E+03
   0.4590000E+01   0.6828635E+00   0.0000000E+00   0.7568020E+03   0.1854471E+03
   0.4600000E+01   0.6843512E+00   0.0000000E+00   0.7588560E+03   0.1865127E+03
   0.4610000E+01   0.6858389E+00   0.0000000E+00   0.7609123E+03   0.1875818E+03
   0.4620000E+01   0.6873266E+00   0.0000000E+00   0.7629709E+03   0.1886544E+03
   0.4630000E+01   0.6888144E+00   0.0000000E+00   0.7650319E+03   0.1897305E+03
   0.4640000E+01   0.6903021E+00   0.0000000E+00   0.7670952E+03   0.1908100E+03
   0.4650000E+01   0.6917898E+00   0.0000000E+00   0.7691608E+03   0.1918930E+03
   0.4660000E+01   0.6932775E+00   0.0000000E+00   0.7712287E+03   0.1929794E+03
   0.4670000E+01   0.6947652E+00   0.0000000E+00   0.7732990E+03   0.1940693E+03
   0.4680000E+01   0.6962530E+00   0.0000000E+00   0.7753717E+03   0.1951627E+03
   0.4690000E+01   0.6977407E+00   0.0000000E+00   0.7774466E+03   0.1962594E+03
   0.4700000E+01   0.6992284E+00   0.0000000E+00   0.7795239E+03   0.1973596E+03
   0.4710000E+01   0.7007161E+00   0.0000000E+00   0.7816036E+03   0.1984632E+03
   0.4720000E+01   0.7022038E+00   0.0000000E+00   0.7836856E+03   0.1995702E+03
   0.4730000E+01   0.7036916E+00   0.0000000E+00   0.7857699E+03   0.2006806E+03
   0.4740000E+01   0.7051793E+00   0.0000000E+00   0.7878566E+03   0.2017944E+03
   0.4750000E+01   0.7066670E+00   0.0000000E+00   0.7899457E+03   0.2029116E+03
   0.4760000E+01   0.7081547E+00   0.0000000E+00   0.7920371E+03   0.2040321E+03
   0.4770000E+01   0.7096424E+00   0.0000000E+00   0.7941308E+03   0.2051560E+03
   0.4780000E+01   0.7111302E+00   0.0000000E+00   0.7962269E+03   0.2062833E+03
   0.4790000E+01   0.7126179E+00   0.0000000E+00   0.7983254E+03   0.2074139E+03
   0.4800000E+01   0.7141056E+00   0.0000000E+00   0.8004263E+03   0.2085478E+03
   0.4810000E+01   0.7155933E+00   0.0000000E+00   0.8025295E+03   0.2096851E+03
   0.4820000E+01   0.7170810E+00   0.0000000E+00   0.8046351E+03   0.2108257E+03
   0.4830000E+01   0.7185688E+00   0.0000000E+00   0.8067430E+03   0.2119696E+03
   0.4840000E+01   0.7200565E+00   0.0000000E+00   0.8088533E+03   0.2131169E+03
   0.4850000E+01   0.7215442E+00   0.0000000E+00   0.8109660E+03   0.2142674E+03
   0.4860000E+01   0.7230319E+00   0.0000000E+00   0.8130811E+03   0.2154213E+03
   0.4870000E+01   0.7245196E+00   0.0000000E+00   0.8151985E+03   0.2165784E+03
   0.4880000E+01   0.7260074E+00   0.0000000E+00   0.8173184E+03   0.2177388E+03
   0.4890000E+01   0.7274951E+00   0.0000000E+00   0.8194406E+03   0.2189025E+03
   0.4900000E+01   0.7289828E+00   0.0000000E+00   0.8215652E+03   0.2200695E+03
   0.4910000E+01   0.7304705E+00   0.0000000E+00   0.8236922E+03   0.2212397E+03
   0.4920000E+01   0.7319582E+00   0.0000000E+00   0.8258215E+03   0.2224132E+03
   0.4930000E+01   0.7334460E+00   0.0000000E+00   0.8279533E+03   0.2235899E+03
   0.4940000E+01   0.7349337E+00   0.0000000E+00   0.8300874E+03   0.2247699E+03
   0.4950000E+01   0.7364214E+00   0.0000000E+00   0.8322240E+03   0.2259531E+03
   0.4960000E+01   0.7379091E+00   0.0000000E+00   0.8343629E+03   0.2271395E+03
   0.4970000E+01   0.7393968E+00   0.0000000E+00   0.8365042E+03   0.2283292E+03
   0.4980000E+01   0.7408846E+00   0.0000000E+00   0.8386479E+03   0.2295220E+03
   0.4990000E+01   0.7423723E+00   0.0000000E+00   0.8407940E+03   0.2307181E+03
   0.5000000E+01   0.7438600E+00   0.0000000E+00   0.8429426E+03   0.2319174E+03
   0.5010000E+01   0.7453477E+00   0.0000000E+00   0.8450935E+03   0.2331199E+03
   0.5020000E+01   0.7468354E+00   0.0000000E+00   0.8472468E+03   0.2343256E+03
   0.5030000E+01   0.7483232E+00   0.0000000E+00   0.8494025E+03   0.2355344E+03
   0.5040000E+01   0.7498109E+00   0.0000000E+00   0.8515607E+03   0.2367464E+03
   0.5050000E+01   0.7512986E+00   0.0000000E+00   0.8537212E+03   0.2379617E+03
   0.5060000E+01   0.7527863E+00   0.0000000E+00   0.8558842E+03   0.2391800E+03
   0.5070000E+01   0.7542740E+00   0.0000000E+00   0.8580495E+03   0.2404016E+03
   0.5080000E+01   0.7557618E+00   0.0000000E+00   0.8602173E+03   0.2416262E+03
   0.5090000E+01   0.7572495E+00   0.0000000E+00   0.8623875E+03   0.2428541E+03
   0.5100000E+01   0.7587372E+00   0.0000000E+00   0.8645601E+03   0.2440850E+03
   0.5110000E+01   0.7602249E+00   0.0000000E+00   0.8667351E+03   0.2453191E+03
   0.5120000E+01   0.7617126E+00   0.0000000E+00   0.8689126E+03   0.2465564E+03
   0.5130000E+01   0.7632004E+00   0.0000000E+00   0.8710924E+03   0.2477967E+03
   0.5140000E+01   0.7646881E+00   0.0000000E+00   0.8732747E+03   0.2490402E+03
   0.5150000E+01   0.7661758E+00   0.0000000E+00   0.8754594E+03   0.2502868E+03
   0.5160000E+01   0.7676635E+00   0.0000000E+00   0.8776465E+03   0.2515365E+03
   0.5170000E+01   0.7691512E+00   0.0000000E+00   0.8798361E+03   0.2527893E+03
   0.5180000E+01   0.7706390E+00   0.0000000E+00   0.8820281E+03   0.2540452E+03
   0.5190000E+01   0.7721267E+00   0.0000000E+00   0.8842225E+03   0.2553042E+03
   0.5200000E+01   0.7736144E+00   0.0000000E+00   0.8864193E+03   0.2565662E+03
   0.5210000E+01   0.7751021E+00   0.0000000E+00   0.8886186E+03   0.2578314E+03
   0.5220000E+01   0.7765898E+00   0.0000000E+00   0.8908203E+03   0.2590996E+03
   0.5230000E+01   0.7780776E+00   0.0000000E+00   0.8930244E+03   0.2603709E+03
   0.5240000E+01   0.7795653E+00   0.0000000E+00   0.8952310E+03   0.2616453E+03
   0.5250000E+01   0.7810530E+00   0.0000000E+00   0.8974400E+03   0.2629227E+03
   0.5260000E+01   0.7825407E+00   0.0000000E+00   0.8996514E+03   0.2642031E+03
   0.5270000E+01   0.7840284E+00   0.0000000E+00   0.9018653E+03   0.2654867E+03
   0.5280000E+01   0.7855162E+00   0.0000000E+00   0.9040816E+03   0.2667732E+03
   0.5290000E+01   0.7870039E+00   0.0000000E+00   0.9063003E+03   0.2680628E+03
   0.5300000E+01   0.7884916E+00   0.0000000E+00   0.9085215E+03   0.2693554E+03
   0.5310000E+01   0.7899793E+00   0.0000000E+00   0.9107451E+03   0.2706511E+03
   0.5320000E+01   0.7914670E+00   0.0000000E+00   0.9129712E+03   0.2719498E+03
   0.5330000E+01   0.7929548E+00   0.0000000E+00   0.9151997E+03   0.2732515E+03
   0.5340000E+01   0.7944425E+00   0.0000000E+00   0.9174307E+03   0.2745562E+03
   0.5350000E+01   0.7959302E+00   0.0000000E+00   0.9196641E+03   0.2758639E+03
   0.5360000E+01   0.7974179E+00   0.0000000E+00   0.9219000E+03   0.2771746E+03
   0.5370000E+01   0.7989056E+00   0.0000000E+00   0.9241383E+03   0.2784883E+03
   0.5380000E+01   0.8003934E+00   0.0000000E+00   0.9263790E+03   0.2798050E+03
   0.5390000E+01   0.8018811E+00   0.0000000E+00   0.9286222E+03   0.2811247E+03
   0.5400000E+01   0.8033688E+00   0.0000000E+00   0.9308679E+03   0.2824474E+03
   0.5410000E+01   0.8048565E+00   0.0000000E+00   0.9331160E+03   0.2837730E+03
   0.5420000E+01   0.8063442E+00   0.0000000E+00   0.9353665E+03   0.2851017E+03
   0.5430000E+01   0.8078320E+00   0.0000000E+00   0.9376195E+03   0.2864333E+03
   0.5440000E+01   0.8093197E+00   0.0000000E+00   0.9398750E+03   0.2877678E+03
   0.5450000E+01   0.8108074E+00   0.0000000E+00   0.9421329E+03   0.2891054E+03
   0.5460000E+01   0.8122951E+00   0.0000000E+00   0.9443933E+03   0.2904459E+03
   0.5470000E+01   0.8137828E+00   0.0000000E+00   0.9466562E+03   0.2917893E+03
   0.5480000E+01   0.8152706E+00   0.0000000E+00   0.9489215E+03   0.2931357E+03
   0.5490000E+01   0.8167583E+00   0.0000000E+00   0.9511892E+03   0.2944850E+03
   0.5500000E+01   0.8182460E+00   0.0000000E+00   0.9534594E+03   0.2958373E+03
   0.5510000E+01   0.8197337E+00   0.0000000E+00   0.9557321E+03   0.2971925E+03
   0.5520000E+01   0.8212214E+00   0.0000000E+00   0.9580073E+03   0.2985506E+03
   0.5530000E+01   0.8227092E+00   0.0000000E+00   0.9602849E+03   0.2999117E+03
   0.5540000E+01   0.8241969E+00   0.0000000E+00   0.9625649E+03   0.3012756E+03
   0.5550000E+01   0.8256846E+00   0.0000000E+00   0.9648475E+03   0.3026425E+03
   0.5560000E+01   0.8271723E+00   0.0000000E+00   0.9671325E+03   0.3040124E+03
   0.5570000E+01   0.8286600E+00   0.0000000E+00   0.9694199E+03   0.3053851E+03
   0.5580000E+01   0.8301478E+00   0.0000000E+00   0.9717099E+03   0.3067607E+03
   0.5590000E+01   0.8316355E+00   0.0000000E+00   0.9740023E+03   0.3081392E+03
   0.5600000E+01   0.8331232E+00   0.0000000E+00   0.9762971E+03   0.3095206E+03
   0.5610000E+01   0.8346109E+00   0.0000000E+00   0.9785945E+03   0.3109050E+03
   0.5620000E+01   0.8360986E+00   0.0000000E+00   0.9808943E+03   0.3122922E+03
   0.5630000E+01   0.8375864E+00   0.0000000E+00   0.9831966E+03   0.3136823E+03
   0.5640000E+01   0.8390741E+00   0.0000000E+00   0.9855013E+03   0.3150752E+03
   0.5650000E+01   0.8405618E+00   0.0000000E+00   0.9878085E+03   0.3164711E+03
   0.5660000E+01   0.8420495E+00   0.0000000E+00   0.9901182E+03   0.3178698E+03
   0.5670000E+01   0.8435372E+00   0.0000000E+00   0.9924304E+03   0.3192714E+03
   0.5680000E+01   0.8450250E+00   0.0000000E+00   0.9947450E+03   0.3206758E+03
   0.5690000E+01   0.8465127E+00   0.0000000E+00   0.9970622E+03   0.3220832E+03
   0.5700000E+01   0.8480004E+00   0.0000000E+00   0.9993818E+03   0.3234933E+03
   0.5710000E+01   0.8494881E+00   0.0000000E+00   0.1001704E+04   0.3249064E+03
   0.5720000E+01   0.8509758E+00   0.0000000E+00   0.1004028E+04   0.3263223E+03
   0.5730000E+01   0.8524636E+00   0.0000000E+00   0.1006355E+04   0.3277410E+03
   0.5740000E+01   0.8539513E+00   0.0000000E+00   0.1008685E+04   0.3291626E+03
   0.5750000E+01   0.8554390E+00   0.0000000E+00   0.1011017E+04   0.3305870E+03
   0.5760000E+01   0.8569267E+00   0.0000000E+00   0.1013351E+04   0.3320142E+03
   0.5770000E+01   0.8584144E+00   0.0000000E+00   0.1015688E+04   0.3334443E+03
   0.5780000E+01   0.8599022E+00   0.0000000E+00   0.1018028E+04   0.3348772E+03
   0.5790000E+01   0.8613899E+00   0.0000000E+00   0.1020370E+04   0.3363129E+03
   0.5800000E+01   0.8628776E+00   0.0000000E+00   0.1022714E+04   0.3377515E+03
   0.5810000E+01   0.8643653E+00   0.0000000E+00   0.1025061E+04   0.3391929E+03
   0.5820000E+01   0.8658530E+00   0.0000000E+00   0.1027410E+04   0.3406371E+03
   0.5830000E+01   0.8673408E+00   0.0000000E+00   0.1029762E+04   0.3420841E+03
   0.5840000E+01   0.8688285E+00   0.0000000E+00   0.1032116E+04   0.3435339E+03
   0.5850000E+01   0.8703162E+00   0.0000000E+00   0.1034473E+04   0.3449865E+03
   0.5860000E+01   0.8718039E+00   0.0000000E+00   0.1036833E+04   0.3464419E+03
   0.5870000E+01   0.8732916E+00   0.0000000E+00   0.1039194E+04   0.3479001E+03
   0.5880000E+01   0.8747794E+00   0.0000000E+00   0.1041559E+04   0.3493611E+03
   0.5890000E+01   0.8762671E+00   0.0000000E+00   0.1043925E+04   0.3508249E+03
   0.5900000E+01   0.8777548E+00   0.0000000E+00   0.1046295E+04   0.3522915E+03
   0.5910000E+01   0.8792425E+00   0.0000000E+00   0.1048666E+04   0.3537609E+03
   0.5920000E+01   0.8807302E+00   0.0000000E+00   0.1051040E+04   0.3552330E+03
   0.5930000E+01   0.8822180E+00   0.0000000E+00   0.1053417E+04   0.3567079E+03
   0.5940000E+01   0.8837057E+00   0.0000000E+00   0.1055796E+04   0.3581857E+03
   0.5950000E+01   0.8851934E+00   0.0000000E+00   0.1058178E+04   0.3596661E+03
   0.5960000E+01   0.8866811E+00   0.0000000E+00   0.1060562E+04   0.3611494E+03
   0.5970000E+01   0.8881688E+00   0.0000000E+00   0.1062949E+04   0.3626354E+03
   0.5980000E+01   0.8896566E+00   0.0000000E+00   0.1065338E+04   0.3641242E+03
   0.5990000E+01   0.8911443E+00   0.0000000E+00   0.1067730E+04   0.3656157E+03
   0.6000000E+01   0.8926320E+00   0.0000000E+00   0.1070124E+04   0.3671100E+03
   0.6010000E+01   0.8941197E+00   0.0000000E+00   0.1072521E+04   0.3686070E+03
   0.6020000E+01   0.8956074E+00   0.0000000E+00   0.1074920E+04   0.3701068E+03
   0.6030000E+01   0.8970952E+00   0.0000000E+00   0.1077321E+04   0.3716094E+03
   0.6040000E+01   0.8985829E+00   0.0000000E+00   0.1079725E+04   0.3731147E+03
   0.6050000E+01   0.9000706E+00   0.0000000E+00   0.1082132E+04   0.3746227E+03
   0.6060000E+01   0.9015583E+00   0.0000000E+00   0.1084541E+04   0.3761334E+03
   0.6070000E+01   0.9030460E+00   0.0000000E+00   0.1086953E+04   0.3776469E+03
   0.6080000E+01   0.9045338E+00   0.0000000E+00   0.1089367E+04   0.3791632E+03
   0.6090000E+01   0.9060215E+00   0.0000000E+00   0.1091783E+04   0.3806821E+03
   0.6100000E+01   0.9075092E+00   0.0000000E+00   0.1094202E+04   0.3822038E+03
   0.6110000E+01   0.9089969E+00   0.0000000E+00   0.1096624E+04   0.3837283E+03
   0.6120000E+01   0.9104846E+00   0.0000000E+00   0.1099048E+04   0.3852554E+03
   0.6130000E+01   0.9119724E+00   0.0000000E+00   0.1101475E+04   0.3867852E+03
   0.6140000E+01   0.9134601E+00   0.0000000E+00   0.1103904E+04   0.3883178E+03
   0.6150000E+01   0.9149478E+00   0.0000000E+00   0.1106335E+04   0.3898531E+03
   0.6160000E+01   0.9164355E+00   0.0000000E+00   0.1108769E+04   0.3913911E+03
   0.6170000E+01   0.9179232E+00   0.0000000E+00   0.1111206E+04   0.3929318E+03
   0.6180000E+01   0.9194110E+00   0.0000000E+00   0.1113645E+04   0.3944752E+03
   0.6190000E+01   0.9208987E+00   0.0000000E+00   0.1116087E+04   0.3960213E+03
   0.6200000E+01   0.9223864E+00   0.0000000E+00   0.1118531E+04   0.3975701E+03
   0.6210000E+01   0.9238741E+00   0.0000000E+00   0.1120977E+04   0.3991216E+03
   0.6220000E+01   0.9253618E+00   0.0000000E+00   0.1123426E+04   0.4006758E+03
   0.6230000E+01   0.9268496E+00   0.0000000E+00   0.1125878E+04   0.4022327E+03
   0.6240000E+01   0.9283373E+00   0.0000000E+00   0.1128332E+04   0.4037923E+03
   0.6250000E+01   0.9298250E+00   0.0000000E+00   0.1130789E+04   0.4053545E+03
   0.6260000E+01   0.9313127E+00   0.0000000E+00   0.1133248E+04   0.4069195E+03
   0.6270000E+01   0.9328004E+00   0.0000000E+00   0.1135709E+04   0.4084871E+03
   0.6280000E+01   0.9342882E+00   0.0000000E+00   0.1138173E+04   0.4100574E+03
   0.6290000E+01   0.9357759E+00   0.0000000E+00   0.1140640E+04   0.4116304E+03
   0.6300000E+01   0.9372636E+00   0.0000000E+00   0.1143109E+04   0.4132061E+03
   0.6310000E+01   0.9387513E+00   0.0000000E+00   0.1145581E+04   0.4147844E+03
   0.6320000E+01   0.9402390E+00   0.0000000E+00   0.1148055E+04   0.4163654E+03
   0.6330000E+01   0.9417268E+00   0.0000000E+00   0.1150531E+04   0.4179490E+03
   0.6340000E+01   0.9432145E+00   0.0000000E+00   0.1153010E+04   0.4195354E+03
   0.6350000E+01   0.9447022E+00   0.0000000E+00   0.1155492E+04   0.4211244E+03
   0.6360000E+01   0.9461899E+00   0.0000000E+00   0.1157976E+04   0.4227160E+03
   0.6370000E+01   0.9476776E+00   0.0000000E+00   0.1160463E+04   0.4243103E+03
   0.6380000E+01   0.9491654E+00   0.0000000E+00   0.1162952E+04   0.4259073E+03
   0.6390000E+01   0.9506531E+00   0.0000000E+00   0.1165444E+04   0.4275069E+03
   0.6400000E+01   0.9521408E+00   0.0000000E+00   0.1167938E+04   0.4291091E+03
   0.6410000E+01   0.9536285E+00   0.0000000E+00   0.1170434E+04   0.4307140E+03
   0.6420000E+01   0.9551162E+00   0.0000000E+00   0.1172933E+04   0.4323216E+03
   0.6430000E+01   0.9566040E+00   0.0000000E+00   0.1175435E+04   0.4339318E+03
   0.6440000E+01   0.9580917E+00   0.0000000E+00   0.1177939E+04   0.4355446E+03
   0.6450000E+01   0.9595794E+00   0.0000000E+00   0.1180446E+04   0.4371601E+03
   0.6460000E+01   0.9610671E+00   0.0000000E+00   0.1182955E+04   0.4387782E+03
   0.6470000E+01   0.9625548E+00   0.0000000E+00   0.1185467E+04   0.4403989E+03
   0.6480000E+01   0.9640426E+00   0.0000000E+00   0.1187981E+04   0.4420223E+03
   0.6490000E+01   0.9655303E+00   0.0000000E+00   0.1190498E+04   0.4436483E+03
   0.6500000E+01   0.9670180E+00   0.0000000E+00   0.1193017E+04   0.4452769E+03
   0.6510000E+01   0.9685057E+00   0.0000000E+00   0.1195539E+04   0.4469081E+03
   0.6520000E+01   0.9699934E+00   0.0000000E+00   0.1198063E+04   0.4485420E+03
   0.6530000E+01   0.9714812E+00   0.0000000E+00   0.1200590E+04   0.4501785E+03
   0.6540000E+01   0.9729689E+00   0.0000000E+00   0.1203119E+04   0.4518176E+03
   0.6550000E+01   0.9744566E+00   0.0000000E+00   0.1205650E+04   0.4534593E+03
   0.6560000E+01   0.9759443E+00   0.0000000E+00   0.1208185E+04   0.4551036E+03
   0.6570000E+01   0.9774320E+00   0.0000000E+00   0.1210721E+04   0.4567506E+03
   0.6580000E+01   0.9789198E+00   0.0000000E+00   0.1213261E+04   0.4584001E+03
   0.6590000E+01   0.9804075E+00   0.0000000E+00   0.1215803E+04   0.4600523E+03
   0.6600000E+01   0.9818952E+00   0.0000000E+00   0.1218347E+04   0.4617071E+03
   0.6610000E+01   0.9833829E+00   0.0000000E+00   0.1220894E+04   0.4633644E+03
   0.6620000E+01   0.9848706E+00   0.0000000E+00   0.1223443E+04   0.4650244E+03
   0.6630000E+01   0.9863584E+00   0.0000000E+00   0.1225995E+04   0.4666870E+03
   0.6640000E+01   0.9878461E+00   0.0000000E+00   0.1228549E+04   0.4683522E+03
   0.6650000E+01   0.9893338E+00   0.0000000E+00   0.1231106E+04   0.4700199E+03
   0.6660000E+01   0.9908215E+00   0.0000000E+00   0.1233665E+04   0.4716903E+03
   0.6670000E+01   0.9923092E+00   0.0000000E+00   0.1236227E+04   0.4733632E+03
   0.6680000E+01   0.9937970E+00   0.0000000E+00   0.1238791E+04   0.4750388E+03
   0.6690000E+01   0.9952847E+00   0.0000000E+00   0.1241358E+04   0.4767169E+03
   0.6700000E+01   0.9967724E+00   0.0000000E+00   0.1243928E+04   0.4783976E+03
   0.6710000E+01   0.9982601E+00   0.0000000E+00   0.1246500E+04   0.4800809E+03
   0.6720000E+01   0.9997478E+00   0.0000000E+00   0.1249074E+04   0.4817668E+03
   0.6730000E+01   0.1001236E+01   0.0000000E+00   0.1251651E+04   0.4834552E+03
   0.6740000E+01   0.1002723E+01   0.0000000E+00   0.1254230E+04   0.4851462E+03
   0.6750000E+01   0.1004211E+01   0.0000000E+00   0.1256812E+04   0.4868398E+03
   0.6760000E+01   0.1005699E+01   0.0000000E+00   0.1259397E+04   0.4885360E+03
   0.6770000E+01   0.1007186E+01   0.0000000E+00   0.1261984E+04   0.4902348E+03
   0.6780000E+01   0.1008674E+01   0.0000000E+00   0.1264573E+04   0.4919361E+03
   0.6790000E+01   0.1010162E+01   0.0000000E+00   0.1267165E+04   0.4936400E+03
   0.6800000E+01   0.1011650E+01   0.0000000E+00   0.1269760E+04   0.4953464E+03
   0.6810000E+01   0.1013137E+01   0.0000000E+00   0.1272357E+04   0.4970555E+03
   0.6820000E+01   0.1014625E+01   0.0000000E+00   0.1274956E+04   0.4987670E+03
   0.6830000E+01   0.1016113E+01   0.0000000E+00   0.1277558E+04   0.5004812E+03
   0.6840000E+01   0.1017600E+01   0.0000000E+00   0.1280163E+04   0.5021979E+03
   0.6850000E+01   0.1019088E+01   0.0000000E+00   0.1282770E+04   0.5039171E+03
   0.6860000E+01   0.1020576E+01   0.0000000E+00   0.1285379E+04   0.5056390E+03
   0.6870000E+01   0.1022064E+01   0.0000000E+00   0.1287991E+04   0.5073633E+03
   0.6880000E+01   0.1023551E+01   0.0000000E+00   0.1290606E+04   0.5090903E+03
   0.6890000E+01   0.1025039E+01   0.0000000E+00   0.1293223E+04   0.5108197E+03
   0.6900000E+01   0.1026527E+01   0.0000000E+00   0.1295843E+04   0.5125518E+03
   0.6910000E+01   0.1028015E+01   0.0000000E+00   0.1298465E+04   0.5142863E+03
   0.6920000E+01   0.1029502E+01   0.0000000E+00   0.1301089E+04   0.5160234E+03
   0.6930000E+01   0.1030990E+01   0.0000000E+00   0.1303716E+04   0.5177631E+03
   0.6940000E+01   0.1032478E+01   0.0000000E+00   0.1306346E+04   0.5195053E+03
   0.6950000E+01   0.1033965E+01   0.0000000E+00   0.1308978E+04   0.5212500E+03
   0.6960000E+01   0.1035453E+01   0.0000000E+00   0.1311613E+04   0.5229973E+03
   0.6970000E+01   0.1036941E+01   0.0000000E+00   0.1314250E+04   0.5247471E+03
   0.6980000E+01   0.1038429E+01   0.0000000E+00   0.1316890E+04   0.5264995E+03
   0.6990000E+01   0.1039916E+01   0.0000000E+00   0.1319532E+04   0.5282544E+03
   0.7000000E+01   0.1041404E+01   0.0000000E+00   0.1322177E+04   0.5300118E+03
   0.7010000E+01   0.1042892E+01   0.0000000E+00   0.1324824E+04   0.5317717E+03
   0.7020000E+01   0.1044379E+01   0.0000000E+00   0.1327474E+04   0.5335342E+03
   0.7030000E+01   0.1045867E+01   0.0000000E+00   0.1330126E+04   0.5352992E+03
   0.7040000E+01   0.1047355E+01   0.0000000E+00   0.1332781E+04   0.5370667E+03
   0.7050000E+01   0.1048843E+01   0.0000000E+00   0.1335438E+04   0.5388368E+03
   0.7060000E+01   0.1050330E+01   0.0000000E+00   0.1338098E+04   0.5406094E+03
   0.7070000E+01   0.1051818E+01   0.0000000E+00   0.1340760E+04   0.5423845E+03
   0.7080000E+01   0.1053306E+01   0.0000000E+00   0.1343425E+04   0.5441621E+03
   0.7090000E+01   0.1054793E+01   0.0000000E+00   0.1346092E+04   0.5459422E+03
   0.7100000E+01   0.1056281E+01   0.0000000E+00   0.1348762E+04   0.5477249E+03
   0.7110000E+01   0.1057769E+01   0.0000000E+00   0.1351435E+04   0.5495100E+03
   0.7120000E+01   0.1059257E+01   0.0000000E+00   0.1354109E+04   0.5512977E+03
   0.7130000E+01   0.1060744E+01   0.0000000E+00   0.1356787E+04   0.5530879E+03
   0.7140000E+01   0.1062232E+01   0.0000000E+00   0.1359467E+04   0.5548806E+03
   0.7150000E+01   0.1063720E+01   0.0000000E+00   0.1362149E+04   0.5566758E+03
   0.7160000E+01   0.1065208E+01   0.0000000E+00   0.1364834E+04   0.5584735E+03
   0.7170000E+01   0.1066695E+01   0.0000000E+00   0.1367522E+04   0.5602738E+03
   0.7180000E+01   0.1068183E+01   0.0000000E+00   0.1370211E+04   0.5620765E+03
   0.7190000E+01   0.1069671E+01   0.0000000E+00   0.1372904E+04   0.5638817E+03
   0.7200000E+01   0.1071158E+01   0.0000000E+00   0.1375599E+04   0.5656895E+03
   0.7210000E+01   0.1072646E+01   0.0000000E+00   0.1378296E+04   0.5674997E+03
   0.7220000E+01   0.1074134E+01   0.0000000E+00   0.1380996E+04   0.5693124E+03
   0.7230000E+01   0.1075622E+01   0.0000000E+00   0.1383699E+04   0.5711277E+03
   0.7240000E+01   0.1077109E+01   0.0000000E+00   0.1386404E+04   0.5729454E+03
   0.7250000E+01   0.1078597E+01   0.0000000E+00   0.1389112E+04   0.5747656E+03
   0.7260000E+01   0.1080085E+01   0.0000000E+00   0.1391822E+04   0.5765883E+03
   0.7270000E+01   0.1081572E+01   0.0000000E+00   0.1394534E+04   0.5784135E+03
   0.7280000E+01   0.1083060E+01   0.0000000E+00   0.1397249E+04   0.5802412E+03
   0.7290000E+01   0.1084548E+01   0.0000000E+00   0.1399967E+04   0.5820714E+03
   0.7300000E+01   0.1086036E+01   0.0000000E+00   0.1402687E+04   0.5839041E+03
   0.7310000E+01   0.1087523E+01   0.0000000E+00   0.1405410E+04   0.5857393E+03
   0.7320000E+01   0.1089011E+01   0.0000000E+00   0.1408135E+04   0.5875769E+03
   0.7330000E+01   0.1090499E+01   0.0000000E+00   0.1410862E+04   0.5894170E+03
   0.7340000E+01   0.1091986E+01   0.0000000E+00   0.1413592E+04   0.5912597E+03
   0.7350000E+01   0.1093474E+01   0.0000000E+00   0.1416325E+04   0.5931048E+03
   0.7360000E+01   0.1094962E+01   0.0000000E+00   0.1419060E+04   0.5949523E+03
   0.7370000E+01   0.1096450E+01   0.0000000E+00   0.1421798E+04   0.5968024E+03
   0.7380000E+01   0.1097937E+01   0.0000000E+00   0.1424538E+04   0.5986549E+03
   0.7390000E+01   0.1099425E+01   0.0000000E+00   0.1427281E+04   0.6005099E+03
   0.7400000E+01   0.1100913E+01   0.0000000E+00   0.1430026E+04   0.6023674E+03
   0.7410000E+01   0.1102401E+01   0.0000000E+00   0.1432774E+04   0.6042274E+03
   0.7420000E+01   0.1103888E+01   0.0000000E+00   0.1435524E+04   0.6060898E+03
   0.7430000E+01   0.1105376E+01   0.0000000E+00   0.1438277E+04   0.6079547E+03
   0.7440000E+01   0.1106864E+01   0.0000000E+00   0.1441032E+04   0.6098221E+03
   0.7450000E+01   0.1108351E+01   0.0000000E+00   0.1443790E+04   0.6116919E+03
   0.7460000E+01   0.1109839E+01   0.0000000E+00   0.1446550E+04   0.6135642E+03
   0.7470000E+01   0.1111327E+01   0.0000000E+00   0.1449313E+04   0.6154390E+03
   0.7480000E+01   0.1112815E+01   0.0000000E+00   0.1452078E+04   0.6173163E+03
   0.7490000E+01   0.1114302E+01   0.0000000E+00   0.1454846E+04   0.6191960E+03
   0.7500000E+01   0.1115790E+01   0.0000000E+00   0.1457616E+04   0.6210781E+03
   0.7510000E+01   0.1117278E+01   0.0000000E+00   0.1460389E+04   0.6229628E+03
   0.7520000E+01   0.1118765E+01   0.0000000E+00   0.1463165E+04   0.6248498E+03
   0.7530000E+01   0.1120253E+01   0.0000000E+00   0.1465943E+04   0.6267394E+03
   0.7540000E+01   0.1121741E+01   0.0000000E+00   0.1468723E+04   0.6286314E+03
   0.7550000E+01   0.1123229E+01   0.0000000E+00   0.1471506E+04   0.6305259E+03
   0.7560000E+01   0.1124716E+01   0.0000000E+00   0.1474291E+04   0.6324228E+03
   0.7570000E+01   0.1126204E+01   0.0000000E+00   0.1477079E+04   0.6343222E+03
   0.7580000E+01   0.1127692E+01   0.0000000E+00   0.1479870E+04   0.6362240E+03
   0.7590000E+01   0.1129179E+01   0.0000000E+00   0.1482662E+04   0.6381283E+03
   0.7600000E+01   0.1130667E+01   0.0000000E+00   0.1485458E+04   0.6400350E+03
   0.7610000E+01   0.1132155E+01   0.0000000E+00   0.1488256E+04   0.6419442E+03
   0.7620000E+01   0.1133643E+01   0.0000000E+00   0.1491056E+04   0.6438558E+03
   0.7630000E+01   0.1135130E+01   0.0000000E+00   0.1493859E+04   0.6457699E+03
   0.7640000E+01   0.1136618E+01   0.0000000E+00   0.1496665E+04   0.6476864E+03
   0.7650000E+01   0.1138106E+01   0.0000000E+00   0.1499473E+04   0.6496054E+03
   0.7660000E+01   0.1139594E+01   0.0000000E+00   0.1502283E+04   0.6515268E+03
   0.7670000E+01   0.1141081E+01   0.0000000E+00   0.1505096E+04   0.6534507E+03
   0.7680000E+01   0.1142569E+01   0.0000000E+00   0.1507912E+04   0.6553770E+03
   0.7690000E+01   0.1144057E+01   0.0000000E+00   0.1510730E+04   0.6573057E+03
   0.7700000E+01   0.1145544E+01   0.0000000E+00   0.1513550E+04   0.6592369E+03
   0.7710000E+01   0.1147032E+01   0.0000000E+00   0.1516373E+04   0.6611705E+03
   0.7720000E+01   0.1148520E+01   0.0000000E+00   0.1519199E+04   0.6631066E+03
   0.7730000E+01   0.1150008E+01   0.0000000E+00   0.1522027E+04   0.6650451E+03
   0.7740000E+01   0.1151495E+01   0.0000000E+00   0.1524858E+04   0.6669860E+03
   0.7750000E+01   0.1152983E+01   0.0000000E+00   0.1527691E+04   0.6689294E+03
   0.7760000E+01   0.1154471E+01   0.0000000E+00   0.1530526E+04   0.6708752E+03
   0.7770000E+01   0.1155958E+01   0.0000000E+00   0.1533365E+04   0.6728235E+03
   0.7780000E+01   0.1157446E+01   0.0000000E+00   0.1536205E+04   0.6747741E+03
   0.7790000E+01   0.1158934E+01   0.0000000E+00   0.1539048E+04   0.6767272E+03
   0.7800000E+01   0.1160422E+01   0.0000000E+00   0.1541894E+04   0.6786828E+03
   0.7810000E+01   0.1161909E+01   0.0000000E+00   0.1544742E+04   0.6806407E+03
   0.7820000E+01   0.1163397E+01   0.0000000E+00   0.1547593E+04   0.6826011E+03
   0.7830000E+01   0.1164885E+01   0.0000000E+00   0.1550446E+04   0.6845640E+03
   0.7840000E+01   0.1166372E+01   0.0000000E+00   0.1553302E+04   0.6865292E+03
   0.7850000E+01   0.1167860E+01   0.0000000E+00   0.1556160E+04   0.6884969E+03
   0.7860000E+01   0.1169348E+01   0.0000000E+00   0.1559020E+04   0.6904670E+03
   0.7870000E+01   0.1170836E+01   0.0000000E+00   0.1561884E+04   0.6924395E+03
   0.7880000E+01   0.1172323E+01   0.0000000E+00   0.1564749E+04   0.6944144E+03
   0.7890000E+01   0.1173811E+01   0.0000000E+00   0.1567618E+04   0.6963918E+03
   0.7900000E+01   0.1175299E+01   0.0000000E+00   0.1570488E+04   0.6983716E+03
   0.7910000E+01   0.1176787E+01   0.0000000E+00   0.1573361E+04   0.7003538E+03
   0.7920000E+01   0.1178274E+01   0.0000000E+00   0.1576237E+04   0.7023384E+03
   0.7930000E+01   0.1179762E+01   0.0000000E+00   0.1579115E+04   0.7043255E+03
   0.7940000E+01   0.1181250E+01   0.0000000E+00   0.1581996E+04   0.7063149E+03
   0.7950000E+01   0.1182737E+01   0.0000000E+00   0.1584879E+04   0.7083068E+03
   0.7960000E+01   0.1184225E+01   0.0000000E+00   0.1587765E+04   0.7103011E+03
   0.7970000E+01   0.1185713E+01   0.0000000E+00   0.1590654E+04   0.7122978E+03
   0.7980000E+01   0.1187201E+01   0.0000000E+00   0.1593544E+04   0.7142969E+03
   0.7990000E+01   0.1188688E+01   0.0000000E+00   0.1596438E+04   0.7162984E+03
   0.8000000E+01   0.1190176E+01   0.0000000E+00   0.1599333E+04   0.7183024E+03


%NormalisedDensity Density(fm^-3)    chi           EnergyDensity     Pressure
%                                  (NotRequired)    (MeV/fm^3)       (MeV/fm^3)
