   0.510000E+00   0.720528E+02   0.000000E+00   0.100000E-04
   0.520000E+00   0.734702E+02   0.207149E-03   0.913010E+00
   0.530000E+00   0.748878E+02   0.593353E-03   0.129301E+01
   0.540000E+00   0.763057E+02   0.110602E-02   0.158701E+01
   0.550000E+00   0.777239E+02   0.172361E-02   0.183501E+01
   0.560000E+00   0.791423E+02   0.243676E-02   0.205401E+01
   0.570000E+00   0.805610E+02   0.323742E-02   0.225201E+01
   0.580000E+00   0.819800E+02   0.412521E-02   0.243501E+01
   0.590000E+00   0.833993E+02   0.509686E-02   0.260601E+01
   0.600000E+00   0.848188E+02   0.614297E-02   0.276601E+01
   0.610000E+00   0.862387E+02   0.726922E-02   0.291801E+01
   0.620000E+00   0.876590E+02   0.846571E-02   0.306201E+01
   0.630000E+00   0.890795E+02   0.973001E-02   0.319901E+01
   0.640000E+00   0.905004E+02   0.110707E-01   0.333101E+01
   0.650000E+00   0.919216E+02   0.124822E-01   0.345801E+01
   0.660000E+00   0.933432E+02   0.139582E-01   0.358001E+01
   0.670000E+00   0.947651E+02   0.155031E-01   0.369801E+01
   0.680000E+00   0.961874E+02   0.171123E-01   0.381201E+01
   0.690000E+00   0.976101E+02   0.187805E-01   0.392201E+01
   0.700000E+00   0.990331E+02   0.205289E-01   0.403001E+01
   0.710000E+00   0.100456E+03   0.223281E-01   0.413401E+01
   0.720000E+00   0.101880E+03   0.241872E-01   0.423501E+01
   0.730000E+00   0.103305E+03   0.261174E-01   0.433401E+01
   0.740000E+00   0.104729E+03   0.281011E-01   0.443001E+01
   0.750000E+00   0.106154E+03   0.301506E-01   0.452401E+01
   0.760000E+00   0.107580E+03   0.322467E-01   0.461501E+01
   0.770000E+00   0.109006E+03   0.344209E-01   0.470501E+01
   0.780000E+00   0.110432E+03   0.366545E-01   0.479301E+01
   0.790000E+00   0.111859E+03   0.389256E-01   0.487801E+01
   0.800000E+00   0.113286E+03   0.412698E-01   0.496201E+01
   0.810000E+00   0.114714E+03   0.436866E-01   0.504501E+01
   0.820000E+00   0.116142E+03   0.461541E-01   0.512601E+01
   0.830000E+00   0.117570E+03   0.486698E-01   0.520501E+01
   0.840000E+00   0.119000E+03   0.512537E-01   0.528301E+01
   0.850000E+00   0.120429E+03   0.538818E-01   0.535901E+01
   0.860000E+00   0.121859E+03   0.565754E-01   0.543401E+01
   0.870000E+00   0.123290E+03   0.593337E-01   0.550801E+01
   0.880000E+00   0.124721E+03   0.621560E-01   0.558101E+01
   0.890000E+00   0.126153E+03   0.650156E-01   0.565201E+01
   0.900000E+00   0.127585E+03   0.679629E-01   0.572301E+01
   0.910000E+00   0.129017E+03   0.709445E-01   0.579201E+01
   0.920000E+00   0.130451E+03   0.740135E-01   0.586101E+01
   0.930000E+00   0.131884E+03   0.771138E-01   0.592801E+01
   0.940000E+00   0.133319E+03   0.802719E-01   0.599401E+01
   0.950000E+00   0.134754E+03   0.835166E-01   0.606001E+01
   0.960000E+00   0.136189E+03   0.868185E-01   0.612501E+01
   0.970000E+00   0.137625E+03   0.901768E-01   0.618901E+01
   0.980000E+00   0.139062E+03   0.935905E-01   0.625201E+01
   0.990000E+00   0.140499E+03   0.970588E-01   0.631401E+01
   0.100000E+01   0.141937E+03   0.100614E+00   0.637601E+01
   0.101000E+01   0.143375E+03   0.104189E+00   0.643601E+01
   0.102000E+01   0.144814E+03   0.107884E+00   0.649701E+01
   0.103000E+01   0.146254E+03   0.111598E+00   0.655601E+01
   0.104000E+01   0.147694E+03   0.115399E+00   0.661501E+01
   0.105000E+01   0.149135E+03   0.119250E+00   0.667301E+01
   0.106000E+01   0.150577E+03   0.123190E+00   0.673101E+01
   0.107000E+01   0.152019E+03   0.127179E+00   0.678801E+01
   0.108000E+01   0.153462E+03   0.131219E+00   0.684401E+01
   0.109000E+01   0.154906E+03   0.135346E+00   0.690001E+01
   0.110000E+01   0.156350E+03   0.139522E+00   0.695501E+01
   0.111000E+01   0.157795E+03   0.143786E+00   0.701001E+01
   0.112000E+01   0.159241E+03   0.148098E+00   0.706401E+01
   0.113000E+01   0.160687E+03   0.152499E+00   0.711801E+01
   0.114000E+01   0.162135E+03   0.156988E+00   0.717201E+01
   0.115000E+01   0.163583E+03   0.161483E+00   0.722401E+01
   0.116000E+01   0.165031E+03   0.166109E+00   0.727701E+01
   0.117000E+01   0.166481E+03   0.170782E+00   0.732901E+01
   0.118000E+01   0.167931E+03   0.175501E+00   0.738001E+01
   0.119000E+01   0.169382E+03   0.180308E+00   0.743101E+01
   0.120000E+01   0.170834E+03   0.185206E+00   0.748201E+01
   0.121000E+01   0.172287E+03   0.190149E+00   0.753201E+01
   0.122000E+01   0.173740E+03   0.195182E+00   0.758201E+01
   0.123000E+01   0.175194E+03   0.200259E+00   0.763101E+01
   0.124000E+01   0.176649E+03   0.205426E+00   0.768001E+01
   0.125000E+01   0.178105E+03   0.210684E+00   0.772901E+01
   0.126000E+01   0.179562E+03   0.215985E+00   0.777701E+01
   0.127000E+01   0.181020E+03   0.221376E+00   0.782501E+01
   0.128000E+01   0.182478E+03   0.226860E+00   0.787301E+01
   0.129000E+01   0.183938E+03   0.232384E+00   0.792001E+01
   0.130000E+01   0.185398E+03   0.238001E+00   0.796701E+01
   0.131000E+01   0.186860E+03   0.243657E+00   0.801301E+01
   0.132000E+01   0.188322E+03   0.249404E+00   0.805901E+01
   0.133000E+01   0.189785E+03   0.255243E+00   0.810501E+01
   0.134000E+01   0.191249E+03   0.261175E+00   0.815101E+01
   0.135000E+01   0.192714E+03   0.267144E+00   0.819601E+01
   0.136000E+01   0.194180E+03   0.273150E+00   0.824001E+01
   0.137000E+01   0.195647E+03   0.279303E+00   0.828501E+01
   0.138000E+01   0.197115E+03   0.285492E+00   0.832901E+01
   0.139000E+01   0.198584E+03   0.291773E+00   0.837301E+01
   0.140000E+01   0.200054E+03   0.298089E+00   0.841601E+01
   0.141000E+01   0.201525E+03   0.304495E+00   0.845901E+01
   0.142000E+01   0.202997E+03   0.310992E+00   0.850201E+01
   0.143000E+01   0.204470E+03   0.317581E+00   0.854501E+01
   0.144000E+01   0.205944E+03   0.324202E+00   0.858701E+01
   0.145000E+01   0.207420E+03   0.330914E+00   0.862901E+01
   0.146000E+01   0.208896E+03   0.337655E+00   0.867001E+01
   0.147000E+01   0.210374E+03   0.344486E+00   0.871101E+01
   0.148000E+01   0.211852E+03   0.351406E+00   0.875201E+01
   0.149000E+01   0.213332E+03   0.358416E+00   0.879301E+01
   0.150000E+01   0.214813E+03   0.365453E+00   0.883301E+01
   0.151000E+01   0.216295E+03   0.372578E+00   0.887301E+01
   0.152000E+01   0.217778E+03   0.379792E+00   0.891301E+01
   0.153000E+01   0.219262E+03   0.387029E+00   0.895201E+01
   0.154000E+01   0.220748E+03   0.394419E+00   0.899201E+01
   0.155000E+01   0.222235E+03   0.401764E+00   0.903001E+01
   0.156000E+01   0.223723E+03   0.409263E+00   0.906901E+01
   0.157000E+01   0.225212E+03   0.416780E+00   0.910701E+01
   0.158000E+01   0.226702E+03   0.424383E+00   0.914501E+01
   0.159000E+01   0.228194E+03   0.432071E+00   0.918301E+01
   0.160000E+01   0.229687E+03   0.439774E+00   0.922001E+01
   0.161000E+01   0.231181E+03   0.447561E+00   0.925701E+01
   0.162000E+01   0.232677E+03   0.455431E+00   0.929401E+01
   0.163000E+01   0.234174E+03   0.463313E+00   0.933001E+01
   0.164000E+01   0.235672E+03   0.471276E+00   0.936601E+01
   0.165000E+01   0.237172E+03   0.479319E+00   0.940201E+01
   0.166000E+01   0.238673E+03   0.487371E+00   0.943701E+01
   0.167000E+01   0.240175E+03   0.495574E+00   0.947301E+01
   0.168000E+01   0.241678E+03   0.503710E+00   0.950701E+01
   0.169000E+01   0.243184E+03   0.511996E+00   0.954201E+01
   0.170000E+01   0.244690E+03   0.520285E+00   0.957601E+01
   0.171000E+01   0.246198E+03   0.528649E+00   0.961001E+01
   0.172000E+01   0.247707E+03   0.537088E+00   0.964401E+01
   0.173000E+01   0.249218E+03   0.545602E+00   0.967801E+01
   0.174000E+01   0.250730E+03   0.554112E+00   0.971101E+01
   0.175000E+01   0.252244E+03   0.562695E+00   0.974401E+01
   0.176000E+01   0.253759E+03   0.571271E+00   0.977601E+01
   0.177000E+01   0.255275E+03   0.579916E+00   0.980801E+01
   0.178000E+01   0.256793E+03   0.588631E+00   0.984001E+01
   0.179000E+01   0.258313E+03   0.597413E+00   0.987201E+01
   0.180000E+01   0.259834E+03   0.606183E+00   0.990301E+01
   0.181000E+01   0.261357E+03   0.615018E+00   0.993401E+01
   0.182000E+01   0.262881E+03   0.623918E+00   0.996501E+01
   0.183000E+01   0.264407E+03   0.632800E+00   0.999501E+01
   0.184000E+01   0.265934E+03   0.641826E+00   0.100260E+02
   0.185000E+01   0.267463E+03   0.650750E+00   0.100550E+02
   0.186000E+01   0.268994E+03   0.659816E+00   0.100850E+02
   0.187000E+01   0.270526E+03   0.668859E+00   0.101140E+02
   0.188000E+01   0.272060E+03   0.677958E+00   0.101430E+02
   0.189000E+01   0.273596E+03   0.687115E+00   0.101720E+02
   0.190000E+01   0.275133E+03   0.696242E+00   0.102000E+02
   0.191000E+01   0.276672E+03   0.705509E+00   0.102290E+02
   0.192000E+01   0.278213E+03   0.714658E+00   0.102560E+02
   0.193000E+01   0.279755E+03   0.723944E+00   0.102840E+02
   0.194000E+01   0.281299E+03   0.733195E+00   0.103110E+02
   0.195000E+01   0.282845E+03   0.742495E+00   0.103380E+02
   0.196000E+01   0.284392E+03   0.751843E+00   0.103650E+02
   0.197000E+01   0.285941E+03   0.761150E+00   0.103910E+02
   0.198000E+01   0.287493E+03   0.770502E+00   0.104170E+02
   0.199000E+01   0.289045E+03   0.779899E+00   0.104430E+02
   0.200000E+01   0.290600E+03   0.789338E+00   0.104690E+02
   0.201000E+01   0.292156E+03   0.798731E+00   0.104940E+02
   0.202000E+01   0.293714E+03   0.808164E+00   0.105190E+02
   0.203000E+01   0.295275E+03   0.817546E+00   0.105430E+02
   0.204000E+01   0.296837E+03   0.827055E+00   0.105680E+02
   0.205000E+01   0.298400E+03   0.836511E+00   0.105920E+02
   0.206000E+01   0.299966E+03   0.846003E+00   0.106160E+02
   0.207000E+01   0.301533E+03   0.855436E+00   0.106390E+02
   0.208000E+01   0.303103E+03   0.864995E+00   0.106630E+02
   0.209000E+01   0.304674E+03   0.874493E+00   0.106860E+02
   0.210000E+01   0.306247E+03   0.883928E+00   0.107080E+02
   0.211000E+01   0.307823E+03   0.893485E+00   0.107310E+02
   0.212000E+01   0.309400E+03   0.902977E+00   0.107530E+02
   0.213000E+01   0.310979E+03   0.912495E+00   0.107750E+02
   0.214000E+01   0.312560E+03   0.921944E+00   0.107960E+02
   0.215000E+01   0.314143E+03   0.931512E+00   0.108180E+02
   0.216000E+01   0.315728E+03   0.941008E+00   0.108390E+02
   0.217000E+01   0.317315E+03   0.950526E+00   0.108600E+02
   0.218000E+01   0.318904E+03   0.959969E+00   0.108800E+02
   0.219000E+01   0.320495E+03   0.969526E+00   0.109010E+02
   0.220000E+01   0.322088E+03   0.979006E+00   0.109210E+02
   0.221000E+01   0.323683E+03   0.988503E+00   0.109410E+02
   0.222000E+01   0.325281E+03   0.997918E+00   0.109600E+02
   0.223000E+01   0.326880E+03   0.100735E+01   0.109790E+02
   0.224000E+01   0.328481E+03   0.101679E+01   0.109980E+02
   0.225000E+01   0.330085E+03   0.102625E+01   0.110170E+02
   0.226000E+01   0.331690E+03   0.103571E+01   0.110360E+02
   0.227000E+01   0.333298E+03   0.104509E+01   0.110540E+02
   0.228000E+01   0.334908E+03   0.105448E+01   0.110720E+02
   0.229000E+01   0.336520E+03   0.106387E+01   0.110900E+02
   0.230000E+01   0.338134E+03   0.107318E+01   0.111070E+02
   0.231000E+01   0.339751E+03   0.108249E+01   0.111240E+02
   0.232000E+01   0.341369E+03   0.109180E+01   0.111410E+02
   0.233000E+01   0.342990E+03   0.110111E+01   0.111580E+02
   0.234000E+01   0.344613E+03   0.111043E+01   0.111750E+02
   0.235000E+01   0.346238E+03   0.111965E+01   0.111910E+02
   0.236000E+01   0.347865E+03   0.112887E+01   0.112070E+02
   0.237000E+01   0.349495E+03   0.113810E+01   0.112230E+02
   0.238000E+01   0.351127E+03   0.114731E+01   0.112390E+02
   0.239000E+01   0.352761E+03   0.115643E+01   0.112540E+02
   0.240000E+01   0.354397E+03   0.116554E+01   0.112690E+02
   0.241000E+01   0.356036E+03   0.117465E+01   0.112840E+02
   0.242000E+01   0.357677E+03   0.118375E+01   0.112990E+02
   0.243000E+01   0.359320E+03   0.119274E+01   0.113130E+02
   0.244000E+01   0.360966E+03   0.120173E+01   0.113270E+02
   0.245000E+01   0.362613E+03   0.121071E+01   0.113410E+02
   0.246000E+01   0.364264E+03   0.121968E+01   0.113550E+02
   0.247000E+01   0.365916E+03   0.122864E+01   0.113690E+02
   0.248000E+01   0.367571E+03   0.123749E+01   0.113820E+02
   0.249000E+01   0.369228E+03   0.124633E+01   0.113950E+02
   0.250000E+01   0.370888E+03   0.125515E+01   0.114080E+02
   0.251000E+01   0.372550E+03   0.126396E+01   0.114210E+02
   0.252000E+01   0.374214E+03   0.127276E+01   0.114340E+02
   0.253000E+01   0.375881E+03   0.128144E+01   0.114460E+02
   0.254000E+01   0.377550E+03   0.129011E+01   0.114580E+02
   0.255000E+01   0.379222E+03   0.129876E+01   0.114700E+02
   0.256000E+01   0.380896E+03   0.130739E+01   0.114820E+02
   0.257000E+01   0.382572E+03   0.131590E+01   0.114930E+02
   0.258000E+01   0.384251E+03   0.132440E+01   0.115040E+02
   0.259000E+01   0.385933E+03   0.133298E+01   0.115160E+02
   0.260000E+01   0.387616E+03   0.134133E+01   0.115260E+02
   0.261000E+01   0.389303E+03   0.134977E+01   0.115370E+02
   0.262000E+01   0.390991E+03   0.135818E+01   0.115480E+02
   0.263000E+01   0.392683E+03   0.136647E+01   0.115580E+02
   0.264000E+01   0.394377E+03   0.137474E+01   0.115680E+02
   0.265000E+01   0.396073E+03   0.138299E+01   0.115780E+02
   0.266000E+01   0.397772E+03   0.139121E+01   0.115880E+02
   0.267000E+01   0.399473E+03   0.139942E+01   0.115980E+02
   0.268000E+01   0.401177E+03   0.140749E+01   0.116070E+02
   0.269000E+01   0.402883E+03   0.141554E+01   0.116160E+02
   0.270000E+01   0.404592E+03   0.142367E+01   0.116260E+02
   0.271000E+01   0.406304E+03   0.143156E+01   0.116340E+02
   0.272000E+01   0.408018E+03   0.143953E+01   0.116430E+02
   0.273000E+01   0.409735E+03   0.144748E+01   0.116520E+02
   0.274000E+01   0.411454E+03   0.145530E+01   0.116600E+02
   0.275000E+01   0.413176E+03   0.146308E+01   0.116680E+02
   0.276000E+01   0.414900E+03   0.147095E+01   0.116770E+02
   0.277000E+01   0.416627E+03   0.147858E+01   0.116840E+02
   0.278000E+01   0.418357E+03   0.148628E+01   0.116920E+02
   0.279000E+01   0.420089E+03   0.149193E+01   0.116980E+02
   0.280000E+01   0.421823E+03   0.149425E+01   0.117000E+02
   0.281000E+01   0.423557E+03   0.149659E+01   0.117020E+02
   0.282000E+01   0.425292E+03   0.149905E+01   0.117050E+02
   0.283000E+01   0.427028E+03   0.150141E+01   0.117070E+02
   0.284000E+01   0.428765E+03   0.150379E+01   0.117090E+02
   0.285000E+01   0.430502E+03   0.150629E+01   0.117120E+02
   0.286000E+01   0.432241E+03   0.150870E+01   0.117140E+02
   0.287000E+01   0.433980E+03   0.151112E+01   0.117160E+02
   0.288000E+01   0.435721E+03   0.151368E+01   0.117190E+02
   0.289000E+01   0.437462E+03   0.151613E+01   0.117210E+02
   0.290000E+01   0.439204E+03   0.151861E+01   0.117230E+02
   0.291000E+01   0.440947E+03   0.152109E+01   0.117250E+02
   0.292000E+01   0.442691E+03   0.152360E+01   0.117270E+02
   0.293000E+01   0.444437E+03   0.152623E+01   0.117300E+02
   0.294000E+01   0.446183E+03   0.152876E+01   0.117320E+02
   0.295000E+01   0.447930E+03   0.153131E+01   0.117340E+02
   0.296000E+01   0.449678E+03   0.153387E+01   0.117360E+02
   0.297000E+01   0.451427E+03   0.153645E+01   0.117380E+02
   0.298000E+01   0.453178E+03   0.153905E+01   0.117400E+02
   0.299000E+01   0.454929E+03   0.154165E+01   0.117420E+02
   0.300000E+01   0.456682E+03   0.154428E+01   0.117440E+02
   0.301000E+01   0.458435E+03   0.154691E+01   0.117460E+02
   0.302000E+01   0.460190E+03   0.154956E+01   0.117480E+02
   0.303000E+01   0.461946E+03   0.155222E+01   0.117500E+02
   0.304000E+01   0.463703E+03   0.155478E+01   0.117510E+02
   0.305000E+01   0.465461E+03   0.155747E+01   0.117530E+02
   0.306000E+01   0.467221E+03   0.156017E+01   0.117550E+02
   0.307000E+01   0.468981E+03   0.156288E+01   0.117570E+02
   0.308000E+01   0.470743E+03   0.156549E+01   0.117580E+02
   0.309000E+01   0.472506E+03   0.156822E+01   0.117600E+02
   0.310000E+01   0.474270E+03   0.157096E+01   0.117620E+02
   0.311000E+01   0.476036E+03   0.157360E+01   0.117630E+02
   0.312000E+01   0.477803E+03   0.157637E+01   0.117650E+02
   0.313000E+01   0.479571E+03   0.157903E+01   0.117660E+02
   0.314000E+01   0.481340E+03   0.158170E+01   0.117670E+02
   0.315000E+01   0.483111E+03   0.158449E+01   0.117690E+02
   0.316000E+01   0.484883E+03   0.158718E+01   0.117700E+02
   0.317000E+01   0.486656E+03   0.158988E+01   0.117710E+02
   0.318000E+01   0.488431E+03   0.159258E+01   0.117720E+02
   0.319000E+01   0.490207E+03   0.159541E+01   0.117740E+02
   0.320000E+01   0.491984E+03   0.159813E+01   0.117750E+02
   0.321000E+01   0.493763E+03   0.160086E+01   0.117760E+02
   0.322000E+01   0.495543E+03   0.160359E+01   0.117770E+02
   0.323000E+01   0.497325E+03   0.160633E+01   0.117780E+02
   0.324000E+01   0.499108E+03   0.160897E+01   0.117780E+02
   0.325000E+01   0.500893E+03   0.161172E+01   0.117790E+02
   0.326000E+01   0.502679E+03   0.161448E+01   0.117800E+02
   0.327000E+01   0.504466E+03   0.161725E+01   0.117810E+02
   0.328000E+01   0.506255E+03   0.161990E+01   0.117810E+02
   0.329000E+01   0.508045E+03   0.162268E+01   0.117820E+02
   0.330000E+01   0.509837E+03   0.162534E+01   0.117820E+02
   0.331000E+01   0.511631E+03   0.162813E+01   0.117830E+02
   0.332000E+01   0.513426E+03   0.163080E+01   0.117830E+02
   0.333000E+01   0.515222E+03   0.163359E+01   0.117840E+02
   0.334000E+01   0.517020E+03   0.163627E+01   0.117840E+02
   0.335000E+01   0.518820E+03   0.163896E+01   0.117840E+02
   0.336000E+01   0.520621E+03   0.164176E+01   0.117850E+02
   0.337000E+01   0.522424E+03   0.164445E+01   0.117850E+02
   0.338000E+01   0.524228E+03   0.164714E+01   0.117850E+02
   0.339000E+01   0.526034E+03   0.164983E+01   0.117850E+02
   0.340000E+01   0.527842E+03   0.165253E+01   0.117850E+02
   0.341000E+01   0.529651E+03   0.165523E+01   0.117850E+02
   0.342000E+01   0.531462E+03   0.165793E+01   0.117850E+02
   0.343000E+01   0.533274E+03   0.166051E+01   0.117840E+02
   0.344000E+01   0.535089E+03   0.166321E+01   0.117840E+02
   0.345000E+01   0.536905E+03   0.166592E+01   0.117840E+02
   0.346000E+01   0.538722E+03   0.166851E+01   0.117830E+02
   0.347000E+01   0.540541E+03   0.167121E+01   0.117830E+02
   0.348000E+01   0.542362E+03   0.167391E+01   0.117830E+02
   0.349000E+01   0.544185E+03   0.167650E+01   0.117820E+02
   0.350000E+01   0.546009E+03   0.167909E+01   0.117810E+02
   0.351000E+01   0.547836E+03   0.168179E+01   0.117810E+02
   0.352000E+01   0.549663E+03   0.168438E+01   0.117800E+02
   0.353000E+01   0.551493E+03   0.168697E+01   0.117790E+02
   0.354000E+01   0.553324E+03   0.168967E+01   0.117790E+02
   0.355000E+01   0.555158E+03   0.169225E+01   0.117780E+02
   0.356000E+01   0.556992E+03   0.169484E+01   0.117770E+02
   0.357000E+01   0.558829E+03   0.169742E+01   0.117760E+02
   0.358000E+01   0.560668E+03   0.170000E+01   0.117750E+02
   0.359000E+01   0.562508E+03   0.170258E+01   0.117740E+02
   0.360000E+01   0.564350E+03   0.170515E+01   0.117730E+02
   0.361000E+01   0.566194E+03   0.170773E+01   0.117720E+02
   0.362000E+01   0.568040E+03   0.171018E+01   0.117700E+02
   0.363000E+01   0.569888E+03   0.171275E+01   0.117690E+02
   0.364000E+01   0.571737E+03   0.171532E+01   0.117680E+02
   0.365000E+01   0.573588E+03   0.171788E+01   0.117670E+02
   0.366000E+01   0.575442E+03   0.172032E+01   0.117650E+02
   0.367000E+01   0.577297E+03   0.172288E+01   0.117640E+02
   0.368000E+01   0.579154E+03   0.172532E+01   0.117620E+02
   0.369000E+01   0.581012E+03   0.172786E+01   0.117610E+02
   0.370000E+01   0.582873E+03   0.173029E+01   0.117590E+02
   0.371000E+01   0.584736E+03   0.173283E+01   0.117580E+02
   0.372000E+01   0.586600E+03   0.173526E+01   0.117560E+02
   0.373000E+01   0.588467E+03   0.173768E+01   0.117540E+02
   0.374000E+01   0.590335E+03   0.174009E+01   0.117520E+02
   0.375000E+01   0.592206E+03   0.174261E+01   0.117510E+02
   0.376000E+01   0.594078E+03   0.174502E+01   0.117490E+02
   0.377000E+01   0.595952E+03   0.174742E+01   0.117470E+02
   0.378000E+01   0.597828E+03   0.174981E+01   0.117450E+02
   0.379000E+01   0.599706E+03   0.175220E+01   0.117430E+02
   0.380000E+01   0.601587E+03   0.175459E+01   0.117410E+02
   0.381000E+01   0.603469E+03   0.175696E+01   0.117390E+02
   0.382000E+01   0.605353E+03   0.175934E+01   0.117370E+02
   0.383000E+01   0.607239E+03   0.176171E+01   0.117350E+02
   0.384000E+01   0.609127E+03   0.176407E+01   0.117330E+02
   0.385000E+01   0.611017E+03   0.176642E+01   0.117310E+02
   0.386000E+01   0.612909E+03   0.176866E+01   0.117280E+02
   0.387000E+01   0.614803E+03   0.177101E+01   0.117260E+02
   0.388000E+01   0.616699E+03   0.177335E+01   0.117240E+02
   0.389000E+01   0.618597E+03   0.177557E+01   0.117210E+02
   0.390000E+01   0.620497E+03   0.177789E+01   0.117190E+02
   0.391000E+01   0.622400E+03   0.178021E+01   0.117170E+02
   0.392000E+01   0.624304E+03   0.178241E+01   0.117140E+02
   0.393000E+01   0.626210E+03   0.178472E+01   0.117120E+02
   0.394000E+01   0.628119E+03   0.178691E+01   0.117090E+02
   0.395000E+01   0.630029E+03   0.178920E+01   0.117070E+02
   0.396000E+01   0.631942E+03   0.179137E+01   0.117040E+02
   0.397000E+01   0.633856E+03   0.179365E+01   0.117020E+02
   0.398000E+01   0.635773E+03   0.179581E+01   0.116990E+02
   0.399000E+01   0.637692E+03   0.179796E+01   0.116960E+02
   0.400000E+01   0.639612E+03   0.180022E+01   0.116940E+02
   0.401000E+01   0.641535E+03   0.180236E+01   0.116910E+02
   0.402000E+01   0.643460E+03   0.180449E+01   0.116880E+02
   0.403000E+01   0.645387E+03   0.180661E+01   0.116850E+02
   0.404000E+01   0.647317E+03   0.180883E+01   0.116830E+02
   0.405000E+01   0.649248E+03   0.181094E+01   0.116800E+02
   0.406000E+01   0.651181E+03   0.181304E+01   0.116770E+02
   0.407000E+01   0.653117E+03   0.181513E+01   0.116740E+02
   0.408000E+01   0.655055E+03   0.181722E+01   0.116710E+02
   0.409000E+01   0.656995E+03   0.181930E+01   0.116680E+02
   0.410000E+01   0.658937E+03   0.182136E+01   0.116650E+02
   0.411000E+01   0.660881E+03   0.182342E+01   0.116620E+02
   0.412000E+01   0.662827E+03   0.182548E+01   0.116590E+02
   0.413000E+01   0.664775E+03   0.182752E+01   0.116560E+02
   0.414000E+01   0.666726E+03   0.182956E+01   0.116530E+02
   0.415000E+01   0.668679E+03   0.183158E+01   0.116500E+02
   0.416000E+01   0.670634E+03   0.183360E+01   0.116470E+02
   0.417000E+01   0.672591E+03   0.183561E+01   0.116440E+02
   0.418000E+01   0.674550E+03   0.183762E+01   0.116410E+02
   0.419000E+01   0.676512E+03   0.183961E+01   0.116380E+02
   0.420000E+01   0.678475E+03   0.184149E+01   0.116340E+02
   0.421000E+01   0.680441E+03   0.184346E+01   0.116310E+02
   0.422000E+01   0.682409E+03   0.184543E+01   0.116280E+02
   0.423000E+01   0.684380E+03   0.184739E+01   0.116250E+02
   0.424000E+01   0.686352E+03   0.184923E+01   0.116210E+02
   0.425000E+01   0.688327E+03   0.185117E+01   0.116180E+02
   0.426000E+01   0.690303E+03   0.185311E+01   0.116150E+02
   0.427000E+01   0.692283E+03   0.185503E+01   0.116120E+02
   0.428000E+01   0.694264E+03   0.185684E+01   0.116080E+02
   0.429000E+01   0.696247E+03   0.185874E+01   0.116050E+02
   0.430000E+01   0.698233E+03   0.186053E+01   0.116010E+02
   0.431000E+01   0.700221E+03   0.186242E+01   0.115980E+02
   0.432000E+01   0.702211E+03   0.186430E+01   0.115950E+02
   0.433000E+01   0.704204E+03   0.186606E+01   0.115910E+02
   0.434000E+01   0.706198E+03   0.186793E+01   0.115880E+02
   0.435000E+01   0.708195E+03   0.186967E+01   0.115840E+02
   0.436000E+01   0.710194E+03   0.187151E+01   0.115810E+02
   0.437000E+01   0.712196E+03   0.187324E+01   0.115770E+02
   0.438000E+01   0.714199E+03   0.187507E+01   0.115740E+02
   0.439000E+01   0.716205E+03   0.187677E+01   0.115700E+02
   0.440000E+01   0.718213E+03   0.187858E+01   0.115670E+02
   0.441000E+01   0.720224E+03   0.188027E+01   0.115630E+02
   0.442000E+01   0.722237E+03   0.188206E+01   0.115600E+02
   0.443000E+01   0.724251E+03   0.188373E+01   0.115560E+02
   0.444000E+01   0.726269E+03   0.188539E+01   0.115520E+02
   0.445000E+01   0.728288E+03   0.188715E+01   0.115490E+02
   0.446000E+01   0.730310E+03   0.188880E+01   0.115450E+02
   0.447000E+01   0.732334E+03   0.189043E+01   0.115410E+02
   0.448000E+01   0.734361E+03   0.189217E+01   0.115380E+02
   0.449000E+01   0.736389E+03   0.189378E+01   0.115340E+02
   0.450000E+01   0.738420E+03   0.189539E+01   0.115300E+02
   0.451000E+01   0.740453E+03   0.189710E+01   0.115270E+02
   0.452000E+01   0.742489E+03   0.189868E+01   0.115230E+02
   0.453000E+01   0.744527E+03   0.190026E+01   0.115190E+02
   0.454000E+01   0.746567E+03   0.190194E+01   0.115160E+02
   0.455000E+01   0.748609E+03   0.190350E+01   0.115120E+02
   0.456000E+01   0.750654E+03   0.190505E+01   0.115080E+02
   0.457000E+01   0.752701E+03   0.190660E+01   0.115040E+02
   0.458000E+01   0.754750E+03   0.190824E+01   0.115010E+02
   0.459000E+01   0.756802E+03   0.190976E+01   0.114970E+02
   0.460000E+01   0.758856E+03   0.191128E+01   0.114930E+02
   0.461000E+01   0.760912E+03   0.191278E+01   0.114890E+02
   0.462000E+01   0.762971E+03   0.191428E+01   0.114850E+02
   0.463000E+01   0.765032E+03   0.191587E+01   0.114820E+02
   0.464000E+01   0.767095E+03   0.191735E+01   0.114780E+02
   0.465000E+01   0.769161E+03   0.191882E+01   0.114740E+02
   0.466000E+01   0.771229E+03   0.192028E+01   0.114700E+02
   0.467000E+01   0.773299E+03   0.192173E+01   0.114660E+02
   0.468000E+01   0.775372E+03   0.192317E+01   0.114620E+02
   0.469000E+01   0.777447E+03   0.192460E+01   0.114580E+02
   0.470000E+01   0.779524E+03   0.192613E+01   0.114550E+02
   0.471000E+01   0.781604E+03   0.192754E+01   0.114510E+02
   0.472000E+01   0.783686E+03   0.192895E+01   0.114470E+02
   0.473000E+01   0.785770E+03   0.193034E+01   0.114430E+02
   0.474000E+01   0.787857E+03   0.193173E+01   0.114390E+02
   0.475000E+01   0.789946E+03   0.193311E+01   0.114350E+02
   0.476000E+01   0.792037E+03   0.193448E+01   0.114310E+02
   0.477000E+01   0.794131E+03   0.193583E+01   0.114270E+02
   0.478000E+01   0.796227E+03   0.193718E+01   0.114230E+02
   0.479000E+01   0.798325E+03   0.193853E+01   0.114190E+02
   0.480000E+01   0.800426E+03   0.193986E+01   0.114150E+02
   0.481000E+01   0.802529E+03   0.194118E+01   0.114110E+02
   0.482000E+01   0.804635E+03   0.194249E+01   0.114070E+02
   0.483000E+01   0.806743E+03   0.194390E+01   0.114040E+02
   0.484000E+01   0.808853E+03   0.194520E+01   0.114000E+02
   0.485000E+01   0.810966E+03   0.194649E+01   0.113960E+02
   0.486000E+01   0.813081E+03   0.194777E+01   0.113920E+02
   0.487000E+01   0.815198E+03   0.194903E+01   0.113880E+02
   0.488000E+01   0.817318E+03   0.195029E+01   0.113840E+02
   0.489000E+01   0.819441E+03   0.195155E+01   0.113800E+02
   0.490000E+01   0.821565E+03   0.195279E+01   0.113760E+02
   0.491000E+01   0.823692E+03   0.195402E+01   0.113720E+02
   0.492000E+01   0.825822E+03   0.195525E+01   0.113680E+02
   0.493000E+01   0.827953E+03   0.195646E+01   0.113640E+02
   0.494000E+01   0.830087E+03   0.195767E+01   0.113600E+02
   0.495000E+01   0.832224E+03   0.195887E+01   0.113560E+02
   0.496000E+01   0.834363E+03   0.196006E+01   0.113520E+02
   0.497000E+01   0.836504E+03   0.196124E+01   0.113480E+02
   0.498000E+01   0.838648E+03   0.196241E+01   0.113440E+02
   0.499000E+01   0.840794E+03   0.196347E+01   0.113390E+02
   0.500000E+01   0.842943E+03   0.196463E+01   0.113350E+02
   0.501000E+01   0.845093E+03   0.196577E+01   0.113310E+02
   0.502000E+01   0.847247E+03   0.196691E+01   0.113270E+02
   0.503000E+01   0.849403E+03   0.196804E+01   0.113230E+02
   0.504000E+01   0.851561E+03   0.196916E+01   0.113190E+02
   0.505000E+01   0.853721E+03   0.197027E+01   0.113150E+02
   0.506000E+01   0.855884E+03   0.197138E+01   0.113110E+02
   0.507000E+01   0.858049E+03   0.197247E+01   0.113070E+02
   0.508000E+01   0.860217E+03   0.197356E+01   0.113030E+02
   0.509000E+01   0.862388E+03   0.197464E+01   0.112990E+02
   0.510000E+01   0.864560E+03   0.197571E+01   0.112950E+02
   0.511000E+01   0.866735E+03   0.197677E+01   0.112910E+02
   0.512000E+01   0.868913E+03   0.197783E+01   0.112870E+02
   0.513000E+01   0.871092E+03   0.197887E+01   0.112830E+02
   0.514000E+01   0.873275E+03   0.197991E+01   0.112790E+02
   0.515000E+01   0.875459E+03   0.198094E+01   0.112750E+02
   0.516000E+01   0.877646E+03   0.198196E+01   0.112710E+02
   0.517000E+01   0.879836E+03   0.198297E+01   0.112670E+02
   0.518000E+01   0.882028E+03   0.198387E+01   0.112620E+02
   0.519000E+01   0.884222E+03   0.198487E+01   0.112580E+02
   0.520000E+01   0.886419E+03   0.198586E+01   0.112540E+02
   0.521000E+01   0.888619E+03   0.198684E+01   0.112500E+02
   0.522000E+01   0.890820E+03   0.198781E+01   0.112460E+02
   0.523000E+01   0.893024E+03   0.198878E+01   0.112420E+02
   0.524000E+01   0.895231E+03   0.198973E+01   0.112380E+02
   0.525000E+01   0.897440E+03   0.199068E+01   0.112340E+02
   0.526000E+01   0.899651E+03   0.199162E+01   0.112300E+02
   0.527000E+01   0.901865E+03   0.199255E+01   0.112260E+02
   0.528000E+01   0.904082E+03   0.199348E+01   0.112220E+02
   0.529000E+01   0.906300E+03   0.199440E+01   0.112180E+02
   0.530000E+01   0.908522E+03   0.199531E+01   0.112140E+02
   0.531000E+01   0.910745E+03   0.199621E+01   0.112100E+02
   0.532000E+01   0.912971E+03   0.199700E+01   0.112050E+02
   0.533000E+01   0.915200E+03   0.199789E+01   0.112010E+02
   0.534000E+01   0.917431E+03   0.199876E+01   0.111970E+02
   0.535000E+01   0.919664E+03   0.199964E+01   0.111930E+02
   0.536000E+01   0.921900E+03   0.200050E+01   0.111890E+02
   0.537000E+01   0.924138E+03   0.200136E+01   0.111850E+02
   0.538000E+01   0.926379E+03   0.200220E+01   0.111810E+02
   0.539000E+01   0.928622E+03   0.200304E+01   0.111770E+02
   0.540000E+01   0.930868E+03   0.200388E+01   0.111730E+02
   0.541000E+01   0.933116E+03   0.200470E+01   0.111690E+02
   0.542000E+01   0.935367E+03   0.200552E+01   0.111650E+02
   0.543000E+01   0.937620E+03   0.200633E+01   0.111610E+02
   0.544000E+01   0.939875E+03   0.200714E+01   0.111570E+02
   0.545000E+01   0.942133E+03   0.200794E+01   0.111530E+02
   0.546000E+01   0.944393E+03   0.200872E+01   0.111490E+02
   0.547000E+01   0.946656E+03   0.200941E+01   0.111440E+02
   0.548000E+01   0.948922E+03   0.201018E+01   0.111400E+02
   0.549000E+01   0.951189E+03   0.201095E+01   0.111360E+02
   0.550000E+01   0.953459E+03   0.201171E+01   0.111320E+02
   0.551000E+01   0.955732E+03   0.201246E+01   0.111280E+02
   0.552000E+01   0.958007E+03   0.201321E+01   0.111240E+02
   0.553000E+01   0.960285E+03   0.201395E+01   0.111200E+02
   0.554000E+01   0.962565E+03   0.201468E+01   0.111160E+02
   0.555000E+01   0.964847E+03   0.201541E+01   0.111120E+02
   0.556000E+01   0.967133E+03   0.201613E+01   0.111080E+02
   0.557000E+01   0.969420E+03   0.201684E+01   0.111040E+02
   0.558000E+01   0.971710E+03   0.201754E+01   0.111000E+02
   0.559000E+01   0.974002E+03   0.201824E+01   0.110960E+02
   0.560000E+01   0.976297E+03   0.201893E+01   0.110920E+02
   0.561000E+01   0.978595E+03   0.201962E+01   0.110880E+02
   0.562000E+01   0.980894E+03   0.202029E+01   0.110840E+02
   0.563000E+01   0.983197E+03   0.202096E+01   0.110800E+02
   0.564000E+01   0.985501E+03   0.202163E+01   0.110760E+02
   0.565000E+01   0.987808E+03   0.202229E+01   0.110720E+02
   0.566000E+01   0.990118E+03   0.202294E+01   0.110680E+02
   0.567000E+01   0.992430E+03   0.202358E+01   0.110640E+02
   0.568000E+01   0.994745E+03   0.202412E+01   0.110590E+02
   0.569000E+01   0.997062E+03   0.202475E+01   0.110550E+02
   0.570000E+01   0.999382E+03   0.202538E+01   0.110510E+02
   0.571000E+01   0.100170E+04   0.202599E+01   0.110470E+02
   0.572000E+01   0.100403E+04   0.202661E+01   0.110430E+02
   0.573000E+01   0.100636E+04   0.202721E+01   0.110390E+02
   0.574000E+01   0.100868E+04   0.202781E+01   0.110350E+02
   0.575000E+01   0.101102E+04   0.202840E+01   0.110310E+02
   0.576000E+01   0.101335E+04   0.202899E+01   0.110270E+02
   0.577000E+01   0.101569E+04   0.202957E+01   0.110230E+02
   0.578000E+01   0.101803E+04   0.203014E+01   0.110190E+02
   0.579000E+01   0.102037E+04   0.203071E+01   0.110150E+02
   0.580000E+01   0.102271E+04   0.203127E+01   0.110110E+02
   0.581000E+01   0.102506E+04   0.203183E+01   0.110070E+02
   0.582000E+01   0.102741E+04   0.203238E+01   0.110030E+02
   0.583000E+01   0.102976E+04   0.203292E+01   0.109990E+02
   0.584000E+01   0.103212E+04   0.203346E+01   0.109950E+02
   0.585000E+01   0.103447E+04   0.203399E+01   0.109910E+02
   0.586000E+01   0.103683E+04   0.203451E+01   0.109870E+02
   0.587000E+01   0.103919E+04   0.203503E+01   0.109830E+02
   0.588000E+01   0.104156E+04   0.203555E+01   0.109790E+02
   0.589000E+01   0.104392E+04   0.203615E+01   0.109760E+02
   0.590000E+01   0.104630E+04   0.203665E+01   0.109720E+02
   0.591000E+01   0.104867E+04   0.203715E+01   0.109680E+02
   0.592000E+01   0.105104E+04   0.203764E+01   0.109640E+02
   0.593000E+01   0.105342E+04   0.203812E+01   0.109600E+02
   0.594000E+01   0.105580E+04   0.203860E+01   0.109560E+02
   0.595000E+01   0.105818E+04   0.203907E+01   0.109520E+02
   0.596000E+01   0.106056E+04   0.203954E+01   0.109480E+02
   0.597000E+01   0.106295E+04   0.204000E+01   0.109440E+02
   0.598000E+01   0.106534E+04   0.204045E+01   0.109400E+02
   0.599000E+01   0.106773E+04   0.204090E+01   0.109360E+02
   0.600000E+01   0.107012E+04   0.204135E+01   0.109320E+02
   0.601000E+01   0.107252E+04   0.204179E+01   0.109280E+02
   0.602000E+01   0.107492E+04   0.204222E+01   0.109240E+02
   0.603000E+01   0.107732E+04   0.204265E+01   0.109200E+02
   0.604000E+01   0.107972E+04   0.204307E+01   0.109160E+02
   0.605000E+01   0.108213E+04   0.204349E+01   0.109120E+02
   0.606000E+01   0.108454E+04   0.204399E+01   0.109090E+02
   0.607000E+01   0.108695E+04   0.204440E+01   0.109050E+02
   0.608000E+01   0.108937E+04   0.204480E+01   0.109010E+02
   0.609000E+01   0.109178E+04   0.204520E+01   0.108970E+02
   0.610000E+01   0.109420E+04   0.204559E+01   0.108930E+02
   0.611000E+01   0.109662E+04   0.204597E+01   0.108890E+02
   0.612000E+01   0.109905E+04   0.204635E+01   0.108850E+02
   0.613000E+01   0.110147E+04   0.204672E+01   0.108810E+02
   0.614000E+01   0.110390E+04   0.204709E+01   0.108770E+02
   0.615000E+01   0.110634E+04   0.204746E+01   0.108730E+02
   0.616000E+01   0.110877E+04   0.204791E+01   0.108700E+02
   0.617000E+01   0.111121E+04   0.204826E+01   0.108660E+02
   0.618000E+01   0.111364E+04   0.204861E+01   0.108620E+02
   0.619000E+01   0.111609E+04   0.204896E+01   0.108580E+02
   0.620000E+01   0.111853E+04   0.204930E+01   0.108540E+02
   0.621000E+01   0.112098E+04   0.204963E+01   0.108500E+02
   0.622000E+01   0.112343E+04   0.204996E+01   0.108460E+02
   0.623000E+01   0.112588E+04   0.205038E+01   0.108430E+02
   0.624000E+01   0.112833E+04   0.205069E+01   0.108390E+02
   0.625000E+01   0.113079E+04   0.205101E+01   0.108350E+02
   0.626000E+01   0.113325E+04   0.205132E+01   0.108310E+02
   0.627000E+01   0.113571E+04   0.205162E+01   0.108270E+02
   0.628000E+01   0.113817E+04   0.205192E+01   0.108230E+02
   0.629000E+01   0.114064E+04   0.205231E+01   0.108200E+02
   0.630000E+01   0.114311E+04   0.205260E+01   0.108160E+02
   0.631000E+01   0.114558E+04   0.205288E+01   0.108120E+02
   0.632000E+01   0.114806E+04   0.205317E+01   0.108080E+02
   0.633000E+01   0.115053E+04   0.205344E+01   0.108040E+02
   0.634000E+01   0.115301E+04   0.205371E+01   0.108000E+02
   0.635000E+01   0.115549E+04   0.205407E+01   0.107970E+02
   0.636000E+01   0.115798E+04   0.205433E+01   0.107930E+02
   0.637000E+01   0.116046E+04   0.205459E+01   0.107890E+02
   0.638000E+01   0.116295E+04   0.205484E+01   0.107850E+02
   0.639000E+01   0.116544E+04   0.205509E+01   0.107810E+02
   0.640000E+01   0.116794E+04   0.205543E+01   0.107780E+02
   0.641000E+01   0.117043E+04   0.205567E+01   0.107740E+02
   0.642000E+01   0.117293E+04   0.205590E+01   0.107700E+02
   0.643000E+01   0.117543E+04   0.205613E+01   0.107660E+02
   0.644000E+01   0.117794E+04   0.205645E+01   0.107630E+02
   0.645000E+01   0.118045E+04   0.205668E+01   0.107590E+02
   0.646000E+01   0.118295E+04   0.205689E+01   0.107550E+02
   0.647000E+01   0.118547E+04   0.205711E+01   0.107510E+02
   0.648000E+01   0.118798E+04   0.205741E+01   0.107480E+02
   0.649000E+01   0.119050E+04   0.205761E+01   0.107440E+02
   0.650000E+01   0.119302E+04   0.205781E+01   0.107400E+02
   0.651000E+01   0.119554E+04   0.205801E+01   0.107360E+02
   0.652000E+01   0.119806E+04   0.205829E+01   0.107330E+02
   0.653000E+01   0.120059E+04   0.205848E+01   0.107290E+02
   0.654000E+01   0.120312E+04   0.205866E+01   0.107250E+02
   0.655000E+01   0.120565E+04   0.205884E+01   0.107210E+02
   0.656000E+01   0.120818E+04   0.205911E+01   0.107180E+02
   0.657000E+01   0.121072E+04   0.205928E+01   0.107140E+02
   0.658000E+01   0.121326E+04   0.205945E+01   0.107100E+02
   0.659000E+01   0.121580E+04   0.205970E+01   0.107070E+02
   0.660000E+01   0.121835E+04   0.205986E+01   0.107030E+02
   0.661000E+01   0.122089E+04   0.206002E+01   0.106990E+02
   0.662000E+01   0.122344E+04   0.206026E+01   0.106960E+02
   0.663000E+01   0.122599E+04   0.206041E+01   0.106920E+02
   0.664000E+01   0.122855E+04   0.206055E+01   0.106880E+02
   0.665000E+01   0.123111E+04   0.206069E+01   0.106840E+02
   0.666000E+01   0.123366E+04   0.206092E+01   0.106810E+02
   0.667000E+01   0.123623E+04   0.206105E+01   0.106770E+02
   0.668000E+01   0.123879E+04   0.206117E+01   0.106730E+02
   0.669000E+01   0.124136E+04   0.206139E+01   0.106700E+02
   0.670000E+01   0.124393E+04   0.206151E+01   0.106660E+02
   0.671000E+01   0.124650E+04   0.206172E+01   0.106630E+02
   0.672000E+01   0.124907E+04   0.206183E+01   0.106590E+02
   0.673000E+01   0.125165E+04   0.206194E+01   0.106550E+02
   0.674000E+01   0.125423E+04   0.206214E+01   0.106520E+02
   0.675000E+01   0.125681E+04   0.206224E+01   0.106480E+02
   0.676000E+01   0.125940E+04   0.206233E+01   0.106440E+02
   0.677000E+01   0.126198E+04   0.206252E+01   0.106410E+02
   0.678000E+01   0.126457E+04   0.206261E+01   0.106370E+02
   0.679000E+01   0.126716E+04   0.206270E+01   0.106330E+02
   0.680000E+01   0.126976E+04   0.206287E+01   0.106300E+02
   0.681000E+01   0.127236E+04   0.206295E+01   0.106260E+02
   0.682000E+01   0.127496E+04   0.206312E+01   0.106230E+02
   0.683000E+01   0.127756E+04   0.206319E+01   0.106190E+02
   0.684000E+01   0.128016E+04   0.206326E+01   0.106150E+02
   0.685000E+01   0.128277E+04   0.206342E+01   0.106120E+02
   0.686000E+01   0.128538E+04   0.206348E+01   0.106080E+02
   0.687000E+01   0.128799E+04   0.206363E+01   0.106050E+02
   0.688000E+01   0.129061E+04   0.206368E+01   0.106010E+02
   0.689000E+01   0.129322E+04   0.206383E+01   0.105980E+02
   0.690000E+01   0.129584E+04   0.206387E+01   0.105940E+02
   0.691000E+01   0.129846E+04   0.206392E+01   0.105900E+02
   0.692000E+01   0.130109E+04   0.206405E+01   0.105870E+02
   0.693000E+01   0.130372E+04   0.206409E+01   0.105830E+02
   0.694000E+01   0.130635E+04   0.206421E+01   0.105800E+02
   0.695000E+01   0.130898E+04   0.206425E+01   0.105760E+02
   0.696000E+01   0.131161E+04   0.206436E+01   0.105730E+02
   0.697000E+01   0.131425E+04   0.206439E+01   0.105690E+02
   0.698000E+01   0.131689E+04   0.206450E+01   0.105660E+02
   0.699000E+01   0.131953E+04   0.206452E+01   0.105620E+02
   0.700000E+01   0.132218E+04   0.206463E+01   0.105590E+02
   0.701000E+01   0.132482E+04   0.206464E+01   0.105550E+02
   0.702000E+01   0.132747E+04   0.206474E+01   0.105520E+02
   0.703000E+01   0.133013E+04   0.206474E+01   0.105480E+02
   0.704000E+01   0.133278E+04   0.206484E+01   0.105450E+02
   0.705000E+01   0.133544E+04   0.206484E+01   0.105410E+02
   0.706000E+01   0.133810E+04   0.206492E+01   0.105380E+02
   0.707000E+01   0.134076E+04   0.206492E+01   0.105340E+02
   0.708000E+01   0.134342E+04   0.206500E+01   0.105310E+02
   0.709000E+01   0.134609E+04   0.206498E+01   0.105270E+02
   0.710000E+01   0.134876E+04   0.206506E+01   0.105240E+02
   0.711000E+01   0.135143E+04   0.206504E+01   0.105200E+02
   0.712000E+01   0.135411E+04   0.206511E+01   0.105170E+02
   0.713000E+01   0.135679E+04   0.206508E+01   0.105130E+02
   0.714000E+01   0.135947E+04   0.206514E+01   0.105100E+02
   0.715000E+01   0.136215E+04   0.206511E+01   0.105060E+02
   0.716000E+01   0.136483E+04   0.206517E+01   0.105030E+02
   0.717000E+01   0.136752E+04   0.206513E+01   0.104990E+02
   0.718000E+01   0.137021E+04   0.206518E+01   0.104960E+02
   0.719000E+01   0.137290E+04   0.206514E+01   0.104920E+02
   0.720000E+01   0.137560E+04   0.206519E+01   0.104890E+02
   0.721000E+01   0.137830E+04   0.206523E+01   0.104860E+02
   0.722000E+01   0.138100E+04   0.206518E+01   0.104820E+02
   0.723000E+01   0.138370E+04   0.206521E+01   0.104790E+02
   0.724000E+01   0.138640E+04   0.206516E+01   0.104750E+02
   0.725000E+01   0.138911E+04   0.206519E+01   0.104720E+02
   0.726000E+01   0.139182E+04   0.206521E+01   0.104690E+02
   0.727000E+01   0.139453E+04   0.206515E+01   0.104650E+02
   0.728000E+01   0.139725E+04   0.206517E+01   0.104620E+02
   0.729000E+01   0.139997E+04   0.206510E+01   0.104580E+02
   0.730000E+01   0.140269E+04   0.206512E+01   0.104550E+02
   0.731000E+01   0.140541E+04   0.206513E+01   0.104520E+02
   0.732000E+01   0.140813E+04   0.206505E+01   0.104480E+02
   0.733000E+01   0.141086E+04   0.206506E+01   0.104450E+02
   0.734000E+01   0.141359E+04   0.206498E+01   0.104410E+02
   0.735000E+01   0.141633E+04   0.206498E+01   0.104380E+02
   0.736000E+01   0.141906E+04   0.206498E+01   0.104350E+02
   0.737000E+01   0.142180E+04   0.206489E+01   0.104310E+02
   0.738000E+01   0.142454E+04   0.206489E+01   0.104280E+02
   0.739000E+01   0.142728E+04   0.206488E+01   0.104250E+02
   0.740000E+01   0.143003E+04   0.206478E+01   0.104210E+02
   0.741000E+01   0.143277E+04   0.206477E+01   0.104180E+02
   0.742000E+01   0.143552E+04   0.206475E+01   0.104150E+02
   0.743000E+01   0.143828E+04   0.206465E+01   0.104110E+02
   0.744000E+01   0.144103E+04   0.206462E+01   0.104080E+02
   0.745000E+01   0.144379E+04   0.206460E+01   0.104050E+02
   0.746000E+01   0.144655E+04   0.206449E+01   0.104010E+02
   0.747000E+01   0.144931E+04   0.206446E+01   0.103980E+02
   0.748000E+01   0.145208E+04   0.206443E+01   0.103950E+02
   0.749000E+01   0.145485E+04   0.206431E+01   0.103910E+02
   0.750000E+01   0.145762E+04   0.206427E+01   0.103880E+02
   0.751000E+01   0.146039E+04   0.206424E+01   0.103850E+02
   0.752000E+01   0.146316E+04   0.206420E+01   0.103820E+02
   0.753000E+01   0.146594E+04   0.206407E+01   0.103780E+02
   0.754000E+01   0.146872E+04   0.206402E+01   0.103750E+02
   0.755000E+01   0.147151E+04   0.206397E+01   0.103720E+02
   0.756000E+01   0.147429E+04   0.206384E+01   0.103680E+02
   0.757000E+01   0.147708E+04   0.206378E+01   0.103650E+02
   0.758000E+01   0.147987E+04   0.206373E+01   0.103620E+02
   0.759000E+01   0.148266E+04   0.206367E+01   0.103590E+02
   0.760000E+01   0.148546E+04   0.206353E+01   0.103550E+02
   0.761000E+01   0.148826E+04   0.206347E+01   0.103520E+02
   0.762000E+01   0.149106E+04   0.206340E+01   0.103490E+02
   0.763000E+01   0.149386E+04   0.206334E+01   0.103460E+02
   0.764000E+01   0.149666E+04   0.206318E+01   0.103420E+02
   0.765000E+01   0.149947E+04   0.206311E+01   0.103390E+02
   0.766000E+01   0.150228E+04   0.206304E+01   0.103360E+02
   0.767000E+01   0.150510E+04   0.206296E+01   0.103330E+02
   0.768000E+01   0.150791E+04   0.206280E+01   0.103290E+02
   0.769000E+01   0.151073E+04   0.206272E+01   0.103260E+02
   0.770000E+01   0.151355E+04   0.206264E+01   0.103230E+02
   0.771000E+01   0.151637E+04   0.206256E+01   0.103200E+02
   0.772000E+01   0.151920E+04   0.206247E+01   0.103170E+02
   0.773000E+01   0.152203E+04   0.206230E+01   0.103130E+02
   0.774000E+01   0.152486E+04   0.206221E+01   0.103100E+02
   0.775000E+01   0.152769E+04   0.206211E+01   0.103070E+02
   0.776000E+01   0.153053E+04   0.206202E+01   0.103040E+02
   0.777000E+01   0.153336E+04   0.206192E+01   0.103010E+02
   0.778000E+01   0.153620E+04   0.206183E+01   0.102980E+02
   0.779000E+01   0.153905E+04   0.206164E+01   0.102940E+02
   0.780000E+01   0.154189E+04   0.206154E+01   0.102910E+02
   0.781000E+01   0.154474E+04   0.206143E+01   0.102880E+02
   0.782000E+01   0.154759E+04   0.206133E+01   0.102850E+02
   0.783000E+01   0.155045E+04   0.206122E+01   0.102820E+02
   0.784000E+01   0.155330E+04   0.206111E+01   0.102790E+02
   0.785000E+01   0.155616E+04   0.206091E+01   0.102750E+02
   0.786000E+01   0.155902E+04   0.206079E+01   0.102720E+02
   0.787000E+01   0.156188E+04   0.206068E+01   0.102690E+02
   0.788000E+01   0.156475E+04   0.206056E+01   0.102660E+02
   0.789000E+01   0.156762E+04   0.206044E+01   0.102630E+02
   0.790000E+01   0.157049E+04   0.206032E+01   0.102600E+02
   0.791000E+01   0.157336E+04   0.206019E+01   0.102570E+02
   0.792000E+01   0.157624E+04   0.205998E+01   0.102530E+02
   0.793000E+01   0.157912E+04   0.205985E+01   0.102500E+02
   0.794000E+01   0.158200E+04   0.205972E+01   0.102470E+02
   0.795000E+01   0.158488E+04   0.205959E+01   0.102440E+02
   0.796000E+01   0.158777E+04   0.205946E+01   0.102410E+02
   0.797000E+01   0.159065E+04   0.205932E+01   0.102380E+02
   0.798000E+01   0.159354E+04   0.205919E+01   0.102350E+02
   0.799000E+01   0.159644E+04   0.205905E+01   0.102320E+02
   0.800000E+01   0.159933E+04   0.205891E+01   0.102290E+02
